0000000000000000000000000000000000000000000000000000000000000000
0000000001000001100010010011011101001011110001101010011111110000
0000000010000011000100100110111010010111100011010100111111100000
0000000011000100100110111010010111100011010100111111011111010000
0000000100000110001001001101110100101111000110101001111111000000
0000000101000111101011100001010001111010111000010100011110110000
0000000110001001001101110100101111000110101001111110111110100000
0000000111001010110000001000001100010010011011101001011110010000
0000001000001100010010011011101001011110001101010011111110000000
0000001001001101110100101111000110101001111110111110011110000000
0000001010001111010111000010100011110101110000101000111101100000
0000001011010000111001010110000001000001100010010011011101000000
0000001100010010011011101001011110001101010011111101111101000000
0000001101010011111101111100111011011001000101101000011101000000
0000001110010101100000010000011000100100110111010010111100100000
0000001111010111000010100011110101110000101000111101011100000000
0000010000011000100100110111010010111100011010100111111100000000
0000010001011010000111001010110000001000001100010010011100000000
0000010010011011101001011110001101010011111101111100111100000000
0000010011011101001011110001101010011111101111100111011011000000
0000010100011110101110000101000111101011100001010001111011000000
0000010101100000010000011000100100110111010010111100011011000000
0000010110100001110010101100000010000011000100100110111010000000
0000010111100011010100111111011111001110110110010001011010000000
0000011000100100110111010010111100011010100111111011111010000000
0000011001100110011001100110011001100110011001100110011010000000
0000011010100111111011111001110110110010001011010000111010000000
0000011011101001011110001101010011111101111100111011011001000000
0000011100101011000000100000110001001001101110100101111001000000
0000011101101100100010110100001110010101100000010000011001000000
0000011110101110000101000111101011100001010001111010111000000000
0000011111101111100111011011001000101101000011100101011000000000
0000100000110001001001101110100101111000110101001111111000000000
0000100001110010101100000010000011000100100110111010011000000000
0000100010110100001110010101100000010000011000100100111000000000
0000100011110101110000101000111101011100001010001111011000000000
0000100100110111010010111100011010100111111011111001111000000000
0000100101111000110101001111110111110011101101100100010110000000
0000100110111010010111100011010100111111011111001110110110000000
0000100111111011111001110110110010001011010000111001010110000000
0000101000111101011100001010001111010111000010100011110110000000
0000101001111110111110011101101100100010110100001110010110000000
0000101011000000100000110001001001101110100101111000110110000000
0000101100000010000011000100100110111010010111100011010110000000
0000101101000011100101011000000100000110001001001101110100000000
0000101110000101000111101011100001010001111010111000010100000000
0000101111000110101001111110111110011101101100100010110100000000
0000110000001000001100010010011011101001011110001101010100000000
0000110001001001101110100101111000110101001111110111110100000000
0000110010001011010000111001010110000001000001100010010100000000
0000110011001100110011001100110011001100110011001100110100000000
0000110100001110010101100000010000011000100100110111010100000000
0000110101001111110111110011101101100100010110100001110100000000
0000110110010001011010000111001010110000001000001100010010000000
0000110111010010111100011010100111111011111001110110110010000000
0000111000010100011110101110000101000111101011100001010010000000
0000111001010110000001000001100010010011011101001011110010000000
0000111010010111100011010100111111011111001110110110010010000000
0000111011011001000101101000011100101011000000100000110010000000
0000111100011010100111111011111001110110110010001011010010000000
0000111101011100001010001111010111000010100011110101110000000000
0000111110011101101100100010110100001110010101100000010000000000
0000111111011111001110110110010001011010000111001010110000000000
0001000000100000110001001001101110100101111000110101010000000000
0001000001100010010011011101001011110001101010011111110000000000
0001000010100011110101110000101000111101011100001010010000000000
0001000011100101011000000100000110001001001101110100110000000000
0001000100100110111010010111100011010100111111011111010000000000
0001000101101000011100101011000000100000110001001001110000000000
0001000110101001111110111110011101101100100010110100010000000000
0001000111101011100001010001111010111000010100011110110000000000
0001001000101101000011100101011000000100000110001001010000000000
0001001001101110100101111000110101001111110111110011110000000000
0001001010110000001000001100010010011011101001011110001100000000
0001001011110001101010011111101111100111011011001000101100000000
0001001100110011001100110011001100110011001100110011001100000000
0001001101110100101111000110101001111110111110011101101100000000
0001001110110110010001011010000111001010110000001000001100000000
0001001111110111110011101101100100010110100001110010101100000000
0001010000111001010110000001000001100010010011011101001100000000
0001010001111010111000010100011110101110000101000111101100000000
0001010010111100011010100111111011111001110110110010001100000000
0001010011111101111100111011011001000101101000011100101100000000
0001010100111111011111001110110110010001011010000111001100000000
0001010110000001000001100010010011011101001011110001101100000000
0001010111000010100011110101110000101000111101011100001100000000
0001011000000100000110001001001101110100101111000110101100000000
0001011001000101101000011100101011000000100000110001001100000000
0001011010000111001010110000001000001100010010011011101000000000
0001011011001000101101000011100101011000000100000110001000000000
0001011100001010001111010111000010100011110101110000101000000000
0001011101001011110001101010011111101111100111011011001000000000
0001011110001101010011111101111100111011011001000101101000000000
0001011111001110110110010001011010000111001010110000001000000000
0001100000010000011000100100110111010010111100011010101000000000
0001100001010001111010111000010100011110101110000101001000000000
0001100010010011011101001011110001101010011111101111101000000000
0001100011010100111111011111001110110110010001011010001000000000
0001100100010110100001110010101100000010000011000100101000000000
0001100101011000000100000110001001001101110100101111001000000000
0001100110011001100110011001100110011001100110011001101000000000
0001100111011011001000101101000011100101011000000100001000000000
0001101000011100101011000000100000110001001001101110101000000000
0001101001011110001101010011111101111100111011011001001000000000
0001101010011111101111100111011011001000101101000011101000000000
0001101011100001010001111010111000010100011110101110000100000000
0001101100100010110100001110010101100000010000011000100100000000
0001101101100100010110100001110010101100000010000011000100000000
0001101110100101111000110101001111110111110011101101100100000000
0001101111100111011011001000101101000011100101011000000100000000
0001110000101000111101011100001010001111010111000010100100000000
0001110001101010011111101111100111011011001000101101000100000000
0001110010101100000010000011000100100110111010010111100100000000
0001110011101101100100010110100001110010101100000010000100000000
0001110100101111000110101001111110111110011101101100100100000000
0001110101110000101000111101011100001010001111010111000100000000
0001110110110010001011010000111001010110000001000001100100000000
0001110111110011101101100100010110100001110010101100000100000000
0001111000110101001111110111110011101101100100010110100100000000
0001111001110110110010001011010000111001010110000001000100000000
0001111010111000010100011110101110000101000111101011100000000000
0001111011111001110110110010001011010000111001010110000000000000
0001111100111011011001000101101000011100101011000000100000000000
0001111101111100111011011001000101101000011100101011000000000000
0001111110111110011101101100100010110100001110010101100000000000
0010000000000000000000000000000000000000000000000000000000000000
0010000001000001100010010011011101001011110001101010100000000000
0010000010000011000100100110111010010111100011010101000000000000
0010000011000100100110111010010111100011010100111111100000000000
0010000100000110001001001101110100101111000110101010000000000000
0010000101000111101011100001010001111010111000010100100000000000
0010000110001001001101110100101111000110101001111111000000000000
0010000111001010110000001000001100010010011011101001100000000000
0010001000001100010010011011101001011110001101010100000000000000
0010001001001101110100101111000110101001111110111110100000000000
0010001010001111010111000010100011110101110000101001000000000000
0010001011010000111001010110000001000001100010010011100000000000
0010001100010010011011101001011110001101010011111110000000000000
0010001101010011111101111100111011011001000101101000100000000000
0010001110010101100000010000011000100100110111010011000000000000
0010001111010111000010100011110101110000101000111101100000000000
0010010000011000100100110111010010111100011010101000000000000000
0010010001011010000111001010110000001000001100010010100000000000
0010010010011011101001011110001101010011111101111101000000000000
0010010011011101001011110001101010011111101111100111100000000000
0010010100011110101110000101000111101011100001010001111000000000
0010010101100000010000011000100100110111010010111100011000000000
0010010110100001110010101100000010000011000100100110111000000000
0010010111100011010100111111011111001110110110010001011000000000
0010011000100100110111010010111100011010100111111011111000000000
0010011001100110011001100110011001100110011001100110011000000000
0010011010100111111011111001110110110010001011010000111000000000
0010011011101001011110001101010011111101111100111011011000000000
0010011100101011000000100000110001001001101110100101111000000000
0010011101101100100010110100001110010101100000010000011000000000
0010011110101110000101000111101011100001010001111010111000000000
0010011111101111100111011011001000101101000011100101011000000000
0010100000110001001001101110100101111000110101001111111000000000
0010100001110010101100000010000011000100100110111010011000000000
0010100010110100001110010101100000010000011000100100111000000000
0010100011110101110000101000111101011100001010001111011000000000
0010100100110111010010111100011010100111111011111001111000000000
0010100101111000110101001111110111110011101101100100011000000000
0010100110111010010111100011010100111111011111001110111000000000
0010100111111011111001110110110010001011010000111001011000000000
0010101000111101011100001010001111010111000010100011111000000000
0010101001111110111110011101101100100010110100001110011000000000
0010101011000000100000110001001001101110100101111000111000000000
0010101100000010000011000100100110111010010111100011011000000000
0010101101000011100101011000000100000110001001001101111000000000
0010101110000101000111101011100001010001111010111000011000000000
0010101111000110101001111110111110011101101100100010111000000000
0010110000001000001100010010011011101001011110001101011000000000
0010110001001001101110100101111000110101001111110111111000000000
0010110010001011010000111001010110000001000001100010011000000000
0010110011001100110011001100110011001100110011001100111000000000
0010110100001110010101100000010000011000100100110111010000000000
0010110101001111110111110011101101100100010110100001110000000000
0010110110010001011010000111001010110000001000001100010000000000
0010110111010010111100011010100111111011111001110110110000000000
0010111000010100011110101110000101000111101011100001010000000000
0010111001010110000001000001100010010011011101001011110000000000
0010111010010111100011010100111111011111001110110110010000000000
0010111011011001000101101000011100101011000000100000110000000000
0010111100011010100111111011111001110110110010001011010000000000
0010111101011100001010001111010111000010100011110101110000000000
0010111110011101101100100010110100001110010101100000010000000000
0010111111011111001110110110010001011010000111001010110000000000
0011000000100000110001001001101110100101111000110101010000000000
0011000001100010010011011101001011110001101010011111110000000000
0011000010100011110101110000101000111101011100001010010000000000
0011000011100101011000000100000110001001001101110100110000000000
0011000100100110111010010111100011010100111111011111010000000000
0011000101101000011100101011000000100000110001001001110000000000
0011000110101001111110111110011101101100100010110100010000000000
0011000111101011100001010001111010111000010100011110110000000000
0011001000101101000011100101011000000100000110001001010000000000
0011001001101110100101111000110101001111110111110011110000000000
0011001010110000001000001100010010011011101001011110010000000000
0011001011110001101010011111101111100111011011001000110000000000
0011001100110011001100110011001100110011001100110011010000000000
0011001101110100101111000110101001111110111110011101110000000000
0011001110110110010001011010000111001010110000001000010000000000
0011001111110111110011101101100100010110100001110010110000000000
0011010000111001010110000001000001100010010011011101010000000000
0011010001111010111000010100011110101110000101000111110000000000
0011010010111100011010100111111011111001110110110010010000000000
0011010011111101111100111011011001000101101000011100110000000000
0011010100111111011111001110110110010001011010000111010000000000
0011010110000001000001100010010011011101001011110001101000000000
0011010111000010100011110101110000101000111101011100001000000000
0011011000000100000110001001001101110100101111000110101000000000
0011011001000101101000011100101011000000100000110001001000000000
0011011010000111001010110000001000001100010010011011101000000000
0011011011001000101101000011100101011000000100000110001000000000
0011011100001010001111010111000010100011110101110000101000000000
0011011101001011110001101010011111101111100111011011001000000000
0011011110001101010011111101111100111011011001000101101000000000
0011011111001110110110010001011010000111001010110000001000000000
0011100000010000011000100100110111010010111100011010101000000000
0011100001010001111010111000010100011110101110000101001000000000
0011100010010011011101001011110001101010011111101111101000000000
0011100011010100111111011111001110110110010001011010001000000000
0011100100010110100001110010101100000010000011000100101000000000
0011100101011000000100000110001001001101110100101111001000000000
0011100110011001100110011001100110011001100110011001101000000000
0011100111011011001000101101000011100101011000000100001000000000
0011101000011100101011000000100000110001001001101110101000000000
0011101001011110001101010011111101111100111011011001001000000000
0011101010011111101111100111011011001000101101000011101000000000
0011101011100001010001111010111000010100011110101110001000000000
0011101100100010110100001110010101100000010000011000101000000000
0011101101100100010110100001110010101100000010000011001000000000
0011101110100101111000110101001111110111110011101101101000000000
0011101111100111011011001000101101000011100101011000001000000000
0011110000101000111101011100001010001111010111000010101000000000
0011110001101010011111101111100111011011001000101101001000000000
0011110010101100000010000011000100100110111010010111101000000000
0011110011101101100100010110100001110010101100000010001000000000
0011110100101111000110101001111110111110011101101100101000000000
0011110101110000101000111101011100001010001111010111000000000000
0011110110110010001011010000111001010110000001000001100000000000
0011110111110011101101100100010110100001110010101100000000000000
0011111000110101001111110111110011101101100100010110100000000000
0011111001110110110010001011010000111001010110000001000000000000
0011111010111000010100011110101110000101000111101011100000000000
0011111011111001110110110010001011010000111001010110000000000000
0011111100111011011001000101101000011100101011000000100000000000
0011111101111100111011011001000101101000011100101011000000000000
0011111110111110011101101100100010110100001110010101100000000000
0100000000000000000000000000000000000000000000000000000000000000
0100000001000001100010010011011101001011110001101010100000000000
0100000010000011000100100110111010010111100011010101000000000000
0100000011000100100110111010010111100011010100111111100000000000
0100000100000110001001001101110100101111000110101010000000000000
0100000101000111101011100001010001111010111000010100100000000000
0100000110001001001101110100101111000110101001111111000000000000
0100000111001010110000001000001100010010011011101001100000000000
0100001000001100010010011011101001011110001101010100000000000000
0100001001001101110100101111000110101001111110111110100000000000
0100001010001111010111000010100011110101110000101001000000000000
0100001011010000111001010110000001000001100010010011100000000000
0100001100010010011011101001011110001101010011111110000000000000
0100001101010011111101111100111011011001000101101000100000000000
0100001110010101100000010000011000100100110111010011000000000000
0100001111010111000010100011110101110000101000111101100000000000
0100010000011000100100110111010010111100011010101000000000000000
0100010001011010000111001010110000001000001100010010100000000000
0100010010011011101001011110001101010011111101111101000000000000
0100010011011101001011110001101010011111101111100111100000000000
0100010100011110101110000101000111101011100001010010000000000000
0100010101100000010000011000100100110111010010111100100000000000
0100010110100001110010101100000010000011000100100111000000000000
0100010111100011010100111111011111001110110110010001100000000000
0100011000100100110111010010111100011010100111111100000000000000
0100011001100110011001100110011001100110011001100110100000000000
0100011010100111111011111001110110110010001011010001000000000000
0100011011101001011110001101010011111101111100111011100000000000
0100011100101011000000100000110001001001101110100110000000000000
0100011101101100100010110100001110010101100000010000100000000000
0100011110101110000101000111101011100001010001111011000000000000
0100011111101111100111011011001000101101000011100101100000000000
0100100000110001001001101110100101111000110101010000000000000000
0100100001110010101100000010000011000100100110111010100000000000
0100100010110100001110010101100000010000011000100101000000000000
0100100011110101110000101000111101011100001010001111100000000000
0100100100110111010010111100011010100111111011111010000000000000
0100100101111000110101001111110111110011101101100100100000000000
0100100110111010010111100011010100111111011111001111000000000000
0100100111111011111001110110110010001011010000111001010000000000
0100101000111101011100001010001111010111000010100011110000000000
0100101001111110111110011101101100100010110100001110010000000000
0100101011000000100000110001001001101110100101111000110000000000
0100101100000010000011000100100110111010010111100011010000000000
0100101101000011100101011000000100000110001001001101110000000000
0100101110000101000111101011100001010001111010111000010000000000
0100101111000110101001111110111110011101101100100010110000000000
0100110000001000001100010010011011101001011110001101010000000000
0100110001001001101110100101111000110101001111110111110000000000
0100110010001011010000111001010110000001000001100010010000000000
0100110011001100110011001100110011001100110011001100110000000000
0100110100001110010101100000010000011000100100110111010000000000
0100110101001111110111110011101101100100010110100001110000000000
0100110110010001011010000111001010110000001000001100010000000000
0100110111010010111100011010100111111011111001110110110000000000
0100111000010100011110101110000101000111101011100001010000000000
0100111001010110000001000001100010010011011101001011110000000000
0100111010010111100011010100111111011111001110110110010000000000
0100111011011001000101101000011100101011000000100000110000000000
0100111100011010100111111011111001110110110010001011010000000000
0100111101011100001010001111010111000010100011110101110000000000
0100111110011101101100100010110100001110010101100000010000000000
0100111111011111001110110110010001011010000111001010110000000000
0101000000100000110001001001101110100101111000110101010000000000
0101000001100010010011011101001011110001101010011111110000000000
0101000010100011110101110000101000111101011100001010010000000000
0101000011100101011000000100000110001001001101110100110000000000
0101000100100110111010010111100011010100111111011111010000000000
0101000101101000011100101011000000100000110001001001110000000000
0101000110101001111110111110011101101100100010110100010000000000
0101000111101011100001010001111010111000010100011110110000000000
0101001000101101000011100101011000000100000110001001010000000000
0101001001101110100101111000110101001111110111110011110000000000
0101001010110000001000001100010010011011101001011110010000000000
0101001011110001101010011111101111100111011011001000110000000000
0101001100110011001100110011001100110011001100110011010000000000
0101001101110100101111000110101001111110111110011101110000000000
0101001110110110010001011010000111001010110000001000010000000000
0101001111110111110011101101100100010110100001110010110000000000
0101010000111001010110000001000001100010010011011101010000000000
0101010001111010111000010100011110101110000101000111110000000000
0101010010111100011010100111111011111001110110110010010000000000
0101010011111101111100111011011001000101101000011100110000000000
0101010100111111011111001110110110010001011010000111010000000000
0101010110000001000001100010010011011101001011110001110000000000
0101010111000010100011110101110000101000111101011100010000000000
0101011000000100000110001001001101110100101111000110110000000000
0101011001000101101000011100101011000000100000110001010000000000
0101011010000111001010110000001000001100010010011011110000000000
0101011011001000101101000011100101011000000100000110010000000000
0101011100001010001111010111000010100011110101110000110000000000
0101011101001011110001101010011111101111100111011011010000000000
0101011110001101010011111101111100111011011001000101110000000000
0101011111001110110110010001011010000111001010110000010000000000
0101100000010000011000100100110111010010111100011010110000000000
0101100001010001111010111000010100011110101110000101010000000000
0101100010010011011101001011110001101010011111101111110000000000
0101100011010100111111011111001110110110010001011010010000000000
0101100100010110100001110010101100000010000011000100110000000000
0101100101011000000100000110001001001101110100101111010000000000
0101100110011001100110011001100110011001100110011001110000000000
0101100111011011001000101101000011100101011000000100010000000000
0101101000011100101011000000100000110001001001101110100000000000
0101101001011110001101010011111101111100111011011001000000000000
0101101010011111101111100111011011001000101101000011100000000000
0101101011100001010001111010111000010100011110101110000000000000
0101101100100010110100001110010101100000010000011000100000000000
0101101101100100010110100001110010101100000010000011000000000000
0101101110100101111000110101001111110111110011101101100000000000
0101101111100111011011001000101101000011100101011000000000000000
0101110000101000111101011100001010001111010111000010100000000000
0101110001101010011111101111100111011011001000101101000000000000
0101110010101100000010000011000100100110111010010111100000000000
0101110011101101100100010110100001110010101100000010000000000000
0101110100101111000110101001111110111110011101101100100000000000
0101110101110000101000111101011100001010001111010111000000000000
0101110110110010001011010000111001010110000001000001100000000000
0101110111110011101101100100010110100001110010101100000000000000
0101111000110101001111110111110011101101100100010110100000000000
0101111001110110110010001011010000111001010110000001000000000000
0101111010111000010100011110101110000101000111101011100000000000
0101111011111001110110110010001011010000111001010110000000000000
0101111100111011011001000101101000011100101011000000100000000000
0101111101111100111011011001000101101000011100101011000000000000
0101111110111110011101101100100010110100001110010101100000000000
0110000000000000000000000000000000000000000000000000000000000000
0110000001000001100010010011011101001011110001101010100000000000
0110000010000011000100100110111010010111100011010101000000000000
0110000011000100100110111010010111100011010100111111100000000000
0110000100000110001001001101110100101111000110101010000000000000
0110000101000111101011100001010001111010111000010100100000000000
0110000110001001001101110100101111000110101001111111000000000000
0110000111001010110000001000001100010010011011101001100000000000
0110001000001100010010011011101001011110001101010100000000000000
0110001001001101110100101111000110101001111110111110100000000000
0110001010001111010111000010100011110101110000101001000000000000
0110001011010000111001010110000001000001100010010011100000000000
0110001100010010011011101001011110001101010011111110000000000000
0110001101010011111101111100111011011001000101101000100000000000
0110001110010101100000010000011000100100110111010011000000000000
0110001111010111000010100011110101110000101000111101100000000000
0110010000011000100100110111010010111100011010101000000000000000
0110010001011010000111001010110000001000001100010010100000000000
0110010010011011101001011110001101010011111101111101000000000000
0110010011011101001011110001101010011111101111100111100000000000
0110010100011110101110000101000111101011100001010010000000000000
0110010101100000010000011000100100110111010010111100100000000000
0110010110100001110010101100000010000011000100100111000000000000
0110010111100011010100111111011111001110110110010001100000000000
0110011000100100110111010010111100011010100111111100000000000000
0110011001100110011001100110011001100110011001100110100000000000
0110011010100111111011111001110110110010001011010001000000000000
0110011011101001011110001101010011111101111100111011100000000000
0110011100101011000000100000110001001001101110100110000000000000
0110011101101100100010110100001110010101100000010000100000000000
0110011110101110000101000111101011100001010001111011000000000000
0110011111101111100111011011001000101101000011100101100000000000
0110100000110001001001101110100101111000110101010000000000000000
0110100001110010101100000010000011000100100110111010100000000000
0110100010110100001110010101100000010000011000100101000000000000
0110100011110101110000101000111101011100001010001111100000000000
0110100100110111010010111100011010100111111011111010000000000000
0110100101111000110101001111110111110011101101100100100000000000
0110100110111010010111100011010100111111011111001111000000000000
0110100111111011111001110110110010001011010000111001100000000000
0110101000111101011100001010001111010111000010100100000000000000
0110101001111110111110011101101100100010110100001110100000000000
0110101011000000100000110001001001101110100101111000110000000000
0110101100000010000011000100100110111010010111100011010000000000
0110101101000011100101011000000100000110001001001101110000000000
0110101110000101000111101011100001010001111010111000010000000000
0110101111000110101001111110111110011101101100100010110000000000
0110110000001000001100010010011011101001011110001101010000000000
0110110001001001101110100101111000110101001111110111110000000000
0110110010001011010000111001010110000001000001100010010000000000
0110110011001100110011001100110011001100110011001100110000000000
0110110100001110010101100000010000011000100100110111010000000000
0110110101001111110111110011101101100100010110100001110000000000
0110110110010001011010000111001010110000001000001100010000000000
0110110111010010111100011010100111111011111001110110110000000000
0110111000010100011110101110000101000111101011100001010000000000
0110111001010110000001000001100010010011011101001011110000000000
0110111010010111100011010100111111011111001110110110010000000000
0110111011011001000101101000011100101011000000100000110000000000
0110111100011010100111111011111001110110110010001011010000000000
0110111101011100001010001111010111000010100011110101110000000000
0110111110011101101100100010110100001110010101100000010000000000
0110111111011111001110110110010001011010000111001010110000000000
0111000000100000110001001001101110100101111000110101010000000000
0111000001100010010011011101001011110001101010011111110000000000
0111000010100011110101110000101000111101011100001010010000000000
0111000011100101011000000100000110001001001101110100110000000000
0111000100100110111010010111100011010100111111011111010000000000
0111000101101000011100101011000000100000110001001001110000000000
0111000110101001111110111110011101101100100010110100010000000000
0111000111101011100001010001111010111000010100011110110000000000
0111001000101101000011100101011000000100000110001001010000000000
0111001001101110100101111000110101001111110111110011110000000000
0111001010110000001000001100010010011011101001011110010000000000
0111001011110001101010011111101111100111011011001000110000000000
0111001100110011001100110011001100110011001100110011010000000000
0111001101110100101111000110101001111110111110011101110000000000
0111001110110110010001011010000111001010110000001000010000000000
0111001111110111110011101101100100010110100001110010110000000000
0111010000111001010110000001000001100010010011011101010000000000
0111010001111010111000010100011110101110000101000111110000000000
0111010010111100011010100111111011111001110110110010010000000000
0111010011111101111100111011011001000101101000011100110000000000
0111010100111111011111001110110110010001011010000111010000000000
0111010110000001000001100010010011011101001011110001110000000000
0111010111000010100011110101110000101000111101011100010000000000
0111011000000100000110001001001101110100101111000110110000000000
0111011001000101101000011100101011000000100000110001010000000000
0111011010000111001010110000001000001100010010011011110000000000
0111011011001000101101000011100101011000000100000110010000000000
0111011100001010001111010111000010100011110101110000110000000000
0111011101001011110001101010011111101111100111011011010000000000
0111011110001101010011111101111100111011011001000101110000000000
0111011111001110110110010001011010000111001010110000010000000000
0111100000010000011000100100110111010010111100011010110000000000
0111100001010001111010111000010100011110101110000101010000000000
0111100010010011011101001011110001101010011111101111110000000000
0111100011010100111111011111001110110110010001011010010000000000
0111100100010110100001110010101100000010000011000100110000000000
0111100101011000000100000110001001001101110100101111010000000000
0111100110011001100110011001100110011001100110011001110000000000
0111100111011011001000101101000011100101011000000100010000000000
0111101000011100101011000000100000110001001001101110110000000000
0111101001011110001101010011111101111100111011011001010000000000
0111101010011111101111100111011011001000101101000011110000000000
0111101011100001010001111010111000010100011110101110000000000000
0111101100100010110100001110010101100000010000011000100000000000
0111101101100100010110100001110010101100000010000011000000000000
0111101110100101111000110101001111110111110011101101100000000000
0111101111100111011011001000101101000011100101011000000000000000
0111110000101000111101011100001010001111010111000010100000000000
0111110001101010011111101111100111011011001000101101000000000000
0111110010101100000010000011000100100110111010010111100000000000
0111110011101101100100010110100001110010101100000010000000000000
0111110100101111000110101001111110111110011101101100100000000000
0111110101110000101000111101011100001010001111010111000000000000
0111110110110010001011010000111001010110000001000001100000000000
0111110111110011101101100100010110100001110010101100000000000000
0111111000110101001111110111110011101101100100010110100000000000
0111111001110110110010001011010000111001010110000001000000000000
0111111010111000010100011110101110000101000111101011100000000000
0111111011111001110110110010001011010000111001010110000000000000
0111111100111011011001000101101000011100101011000000100000000000
0111111101111100111011011001000101101000011100101011000000000000
0111111110111110011101101100100010110100001110010101100000000000
1000000000000000000000000000000000000000000000000000000000000000
1000000001000001100010010011011101001011110001101010100000000000
1000000010000011000100100110111010010111100011010101000000000000
1000000011000100100110111010010111100011010100111111100000000000
1000000100000110001001001101110100101111000110101010000000000000
1000000101000111101011100001010001111010111000010100100000000000
1000000110001001001101110100101111000110101001111111000000000000
1000000111001010110000001000001100010010011011101001100000000000
1000001000001100010010011011101001011110001101010100000000000000
1000001001001101110100101111000110101001111110111110100000000000
1000001010001111010111000010100011110101110000101001000000000000
1000001011010000111001010110000001000001100010010011100000000000
1000001100010010011011101001011110001101010011111110000000000000
1000001101010011111101111100111011011001000101101000100000000000
1000001110010101100000010000011000100100110111010011000000000000
1000001111010111000010100011110101110000101000111101100000000000
1000010000011000100100110111010010111100011010101000000000000000
1000010001011010000111001010110000001000001100010010100000000000
1000010010011011101001011110001101010011111101111101000000000000
1000010011011101001011110001101010011111101111100111100000000000
1000010100011110101110000101000111101011100001010010000000000000
1000010101100000010000011000100100110111010010111100100000000000
1000010110100001110010101100000010000011000100100111000000000000
1000010111100011010100111111011111001110110110010001100000000000
1000011000100100110111010010111100011010100111111100000000000000
1000011001100110011001100110011001100110011001100110100000000000
1000011010100111111011111001110110110010001011010001000000000000
1000011011101001011110001101010011111101111100111011100000000000
1000011100101011000000100000110001001001101110100110000000000000
1000011101101100100010110100001110010101100000010000100000000000
1000011110101110000101000111101011100001010001111011000000000000
1000011111101111100111011011001000101101000011100101100000000000
1000100000110001001001101110100101111000110101010000000000000000
1000100001110010101100000010000011000100100110111010100000000000
1000100010110100001110010101100000010000011000100101000000000000
1000100011110101110000101000111101011100001010001111100000000000
1000100100110111010010111100011010100111111011111010000000000000
1000100101111000110101001111110111110011101101100100100000000000
1000100110111010010111100011010100111111011111001111000000000000
1000100111111011111001110110110010001011010000111001100000000000
1000101000111101011100001010001111010111000010100100000000000000
1000101001111110111110011101101100100010110100001110100000000000
1000101011000000100000110001001001101110100101111001000000000000
1000101100000010000011000100100110111010010111100011100000000000
1000101101000011100101011000000100000110001001001110000000000000
1000101110000101000111101011100001010001111010111000100000000000
1000101111000110101001111110111110011101101100100011000000000000
1000110000001000001100010010011011101001011110001101100000000000
1000110001001001101110100101111000110101001111111000000000000000
1000110010001011010000111001010110000001000001100010100000000000
1000110011001100110011001100110011001100110011001101000000000000
1000110100001110010101100000010000011000100100110111100000000000
1000110101001111110111110011101101100100010110100010000000000000
1000110110010001011010000111001010110000001000001100100000000000
1000110111010010111100011010100111111011111001110111000000000000
1000111000010100011110101110000101000111101011100001100000000000
1000111001010110000001000001100010010011011101001100000000000000
1000111010010111100011010100111111011111001110110110100000000000
1000111011011001000101101000011100101011000000100001000000000000
1000111100011010100111111011111001110110110010001011100000000000
1000111101011100001010001111010111000010100011110110000000000000
1000111110011101101100100010110100001110010101100000100000000000
1000111111011111001110110110010001011010000111001011000000000000
1001000000100000110001001001101110100101111000110101100000000000
1001000001100010010011011101001011110001101010100000000000000000
1001000010100011110101110000101000111101011100001010100000000000
1001000011100101011000000100000110001001001101110101000000000000
1001000100100110111010010111100011010100111111011111100000000000
1001000101101000011100101011000000100000110001001010000000000000
1001000110101001111110111110011101101100100010110100100000000000
1001000111101011100001010001111010111000010100011111000000000000
1001001000101101000011100101011000000100000110001001100000000000
1001001001101110100101111000110101001111110111110100000000000000
1001001010110000001000001100010010011011101001011110100000000000
1001001011110001101010011111101111100111011011001001000000000000
1001001100110011001100110011001100110011001100110011100000000000
1001001101110100101111000110101001111110111110011110000000000000
1001001110110110010001011010000111001010110000001000000000000000
1001001111110111110011101101100100010110100001110010100000000000
1001010000111001010110000001000001100010010011011101000000000000
1001010001111010111000010100011110101110000101000111100000000000
1001010010111100011010100111111011111001110110110010000000000000
1001010011111101111100111011011001000101101000011100100000000000
1001010100111111011111001110110110010001011010000111000000000000
1001010110000001000001100010010011011101001011110001100000000000
1001010111000010100011110101110000101000111101011100000000000000
1001011000000100000110001001001101110100101111000110100000000000
1001011001000101101000011100101011000000100000110001000000000000
1001011010000111001010110000001000001100010010011011100000000000
1001011011001000101101000011100101011000000100000110000000000000
1001011100001010001111010111000010100011110101110000100000000000
1001011101001011110001101010011111101111100111011011000000000000
1001011110001101010011111101111100111011011001000101100000000000
1001011111001110110110010001011010000111001010110000000000000000
1001100000010000011000100100110111010010111100011010100000000000
1001100001010001111010111000010100011110101110000101000000000000
1001100010010011011101001011110001101010011111101111100000000000
1001100011010100111111011111001110110110010001011010000000000000
1001100100010110100001110010101100000010000011000100100000000000
1001100101011000000100000110001001001101110100101111000000000000
1001100110011001100110011001100110011001100110011001100000000000
1001100111011011001000101101000011100101011000000100000000000000
1001101000011100101011000000100000110001001001101110100000000000
1001101001011110001101010011111101111100111011011001000000000000
1001101010011111101111100111011011001000101101000011100000000000
1001101011100001010001111010111000010100011110101110000000000000
1001101100100010110100001110010101100000010000011000100000000000
1001101101100100010110100001110010101100000010000011000000000000
1001101110100101111000110101001111110111110011101101100000000000
1001101111100111011011001000101101000011100101011000000000000000
1001110000101000111101011100001010001111010111000010100000000000
1001110001101010011111101111100111011011001000101101000000000000
1001110010101100000010000011000100100110111010010111100000000000
1001110011101101100100010110100001110010101100000010000000000000
1001110100101111000110101001111110111110011101101100100000000000
1001110101110000101000111101011100001010001111010111000000000000
1001110110110010001011010000111001010110000001000001100000000000
1001110111110011101101100100010110100001110010101100000000000000
1001111000110101001111110111110011101101100100010110100000000000
1001111001110110110010001011010000111001010110000001000000000000
1001111010111000010100011110101110000101000111101011100000000000
1001111011111001110110110010001011010000111001010110000000000000
1001111100111011011001000101101000011100101011000000100000000000
1001111101111100111011011001000101101000011100101011000000000000
1001111110111110011101101100100010110100001110010101100000000000
1010000000000000000000000000000000000000000000000000000000000000
1010000001000001100010010011011101001011110001101010100000000000
1010000010000011000100100110111010010111100011010101000000000000
1010000011000100100110111010010111100011010100111111100000000000
1010000100000110001001001101110100101111000110101010000000000000
1010000101000111101011100001010001111010111000010100100000000000
1010000110001001001101110100101111000110101001111111000000000000
1010000111001010110000001000001100010010011011101001100000000000
1010001000001100010010011011101001011110001101010100000000000000
1010001001001101110100101111000110101001111110111110100000000000
1010001010001111010111000010100011110101110000101001000000000000
1010001011010000111001010110000001000001100010010011100000000000
1010001100010010011011101001011110001101010011111110000000000000
1010001101010011111101111100111011011001000101101000100000000000
1010001110010101100000010000011000100100110111010011000000000000
1010001111010111000010100011110101110000101000111101100000000000
1010010000011000100100110111010010111100011010101000000000000000
1010010001011010000111001010110000001000001100010010100000000000
1010010010011011101001011110001101010011111101111101000000000000
1010010011011101001011110001101010011111101111100111100000000000
1010010100011110101110000101000111101011100001010010000000000000
1010010101100000010000011000100100110111010010111100100000000000
1010010110100001110010101100000010000011000100100111000000000000
1010010111100011010100111111011111001110110110010001100000000000
1010011000100100110111010010111100011010100111111100000000000000
1010011001100110011001100110011001100110011001100110100000000000
1010011010100111111011111001110110110010001011010001000000000000
1010011011101001011110001101010011111101111100111011100000000000
1010011100101011000000100000110001001001101110100110000000000000
1010011101101100100010110100001110010101100000010000100000000000
1010011110101110000101000111101011100001010001111011000000000000
1010011111101111100111011011001000101101000011100101100000000000
1010100000110001001001101110100101111000110101010000000000000000
1010100001110010101100000010000011000100100110111010100000000000
1010100010110100001110010101100000010000011000100101000000000000
1010100011110101110000101000111101011100001010001111100000000000
1010100100110111010010111100011010100111111011111010000000000000
1010100101111000110101001111110111110011101101100100100000000000
1010100110111010010111100011010100111111011111001111000000000000
1010100111111011111001110110110010001011010000111001100000000000
1010101000111101011100001010001111010111000010100100000000000000
1010101001111110111110011101101100100010110100001110100000000000
1010101011000000100000110001001001101110100101111001000000000000
1010101100000010000011000100100110111010010111100011100000000000
1010101101000011100101011000000100000110001001001110000000000000
1010101110000101000111101011100001010001111010111000100000000000
1010101111000110101001111110111110011101101100100011000000000000
1010110000001000001100010010011011101001011110001101100000000000
1010110001001001101110100101111000110101001111111000000000000000
1010110010001011010000111001010110000001000001100010100000000000
1010110011001100110011001100110011001100110011001101000000000000
1010110100001110010101100000010000011000100100110111100000000000
1010110101001111110111110011101101100100010110100010000000000000
1010110110010001011010000111001010110000001000001100100000000000
1010110111010010111100011010100111111011111001110111000000000000
1010111000010100011110101110000101000111101011100001100000000000
1010111001010110000001000001100010010011011101001100000000000000
1010111010010111100011010100111111011111001110110110100000000000
1010111011011001000101101000011100101011000000100001000000000000
1010111100011010100111111011111001110110110010001011100000000000
1010111101011100001010001111010111000010100011110110000000000000
1010111110011101101100100010110100001110010101100000100000000000
1010111111011111001110110110010001011010000111001011000000000000
1011000000100000110001001001101110100101111000110101100000000000
1011000001100010010011011101001011110001101010100000000000000000
1011000010100011110101110000101000111101011100001010100000000000
1011000011100101011000000100000110001001001101110101000000000000
1011000100100110111010010111100011010100111111011111100000000000
1011000101101000011100101011000000100000110001001010000000000000
1011000110101001111110111110011101101100100010110100100000000000
1011000111101011100001010001111010111000010100011111000000000000
1011001000101101000011100101011000000100000110001001100000000000
1011001001101110100101111000110101001111110111110100000000000000
1011001010110000001000001100010010011011101001011110100000000000
1011001011110001101010011111101111100111011011001001000000000000
1011001100110011001100110011001100110011001100110011100000000000
1011001101110100101111000110101001111110111110011110000000000000
1011001110110110010001011010000111001010110000001000100000000000
1011001111110111110011101101100100010110100001110011000000000000
1011010000111001010110000001000001100010010011011101000000000000
1011010001111010111000010100011110101110000101000111100000000000
1011010010111100011010100111111011111001110110110010000000000000
1011010011111101111100111011011001000101101000011100100000000000
1011010100111111011111001110110110010001011010000111000000000000
1011010110000001000001100010010011011101001011110001100000000000
1011010111000010100011110101110000101000111101011100000000000000
1011011000000100000110001001001101110100101111000110100000000000
1011011001000101101000011100101011000000100000110001000000000000
1011011010000111001010110000001000001100010010011011100000000000
1011011011001000101101000011100101011000000100000110000000000000
1011011100001010001111010111000010100011110101110000100000000000
1011011101001011110001101010011111101111100111011011000000000000
1011011110001101010011111101111100111011011001000101100000000000
1011011111001110110110010001011010000111001010110000000000000000
1011100000010000011000100100110111010010111100011010100000000000
1011100001010001111010111000010100011110101110000101000000000000
1011100010010011011101001011110001101010011111101111100000000000
1011100011010100111111011111001110110110010001011010000000000000
1011100100010110100001110010101100000010000011000100100000000000
1011100101011000000100000110001001001101110100101111000000000000
1011100110011001100110011001100110011001100110011001100000000000
1011100111011011001000101101000011100101011000000100000000000000
1011101000011100101011000000100000110001001001101110100000000000
1011101001011110001101010011111101111100111011011001000000000000
1011101010011111101111100111011011001000101101000011100000000000
1011101011100001010001111010111000010100011110101110000000000000
1011101100100010110100001110010101100000010000011000100000000000
1011101101100100010110100001110010101100000010000011000000000000
1011101110100101111000110101001111110111110011101101100000000000
1011101111100111011011001000101101000011100101011000000000000000
1011110000101000111101011100001010001111010111000010100000000000
1011110001101010011111101111100111011011001000101101000000000000
1011110010101100000010000011000100100110111010010111100000000000
1011110011101101100100010110100001110010101100000010000000000000
1011110100101111000110101001111110111110011101101100100000000000
1011110101110000101000111101011100001010001111010111000000000000
1011110110110010001011010000111001010110000001000001100000000000
1011110111110011101101100100010110100001110010101100000000000000
1011111000110101001111110111110011101101100100010110100000000000
1011111001110110110010001011010000111001010110000001000000000000
1011111010111000010100011110101110000101000111101011100000000000
1011111011111001110110110010001011010000111001010110000000000000
1011111100111011011001000101101000011100101011000000100000000000
1011111101111100111011011001000101101000011100101011000000000000
1011111110111110011101101100100010110100001110010101100000000000
1100000000000000000000000000000000000000000000000000000000000000
1100000001000001100010010011011101001011110001101010100000000000
1100000010000011000100100110111010010111100011010101000000000000
1100000011000100100110111010010111100011010100111111100000000000
1100000100000110001001001101110100101111000110101010000000000000
1100000101000111101011100001010001111010111000010100100000000000
1100000110001001001101110100101111000110101001111111000000000000
1100000111001010110000001000001100010010011011101001100000000000
1100001000001100010010011011101001011110001101010100000000000000
1100001001001101110100101111000110101001111110111110100000000000
1100001010001111010111000010100011110101110000101001000000000000
1100001011010000111001010110000001000001100010010011100000000000
1100001100010010011011101001011110001101010011111110000000000000
1100001101010011111101111100111011011001000101101000100000000000
1100001110010101100000010000011000100100110111010011000000000000
1100001111010111000010100011110101110000101000111101100000000000
1100010000011000100100110111010010111100011010101000000000000000
1100010001011010000111001010110000001000001100010010100000000000
1100010010011011101001011110001101010011111101111101000000000000
1100010011011101001011110001101010011111101111100111100000000000
1100010100011110101110000101000111101011100001010010000000000000
1100010101100000010000011000100100110111010010111100100000000000
1100010110100001110010101100000010000011000100100111000000000000
1100010111100011010100111111011111001110110110010001100000000000
1100011000100100110111010010111100011010100111111100000000000000
1100011001100110011001100110011001100110011001100110100000000000
1100011010100111111011111001110110110010001011010001000000000000
1100011011101001011110001101010011111101111100111011100000000000
1100011100101011000000100000110001001001101110100110000000000000
1100011101101100100010110100001110010101100000010000100000000000
1100011110101110000101000111101011100001010001111011000000000000
1100011111101111100111011011001000101101000011100101100000000000
1100100000110001001001101110100101111000110101010000000000000000
1100100001110010101100000010000011000100100110111010100000000000
1100100010110100001110010101100000010000011000100101000000000000
1100100011110101110000101000111101011100001010001111100000000000
1100100100110111010010111100011010100111111011111010000000000000
1100100101111000110101001111110111110011101101100100100000000000
1100100110111010010111100011010100111111011111001111000000000000
1100100111111011111001110110110010001011010000111001100000000000
1100101000111101011100001010001111010111000010100100000000000000
1100101001111110111110011101101100100010110100001110100000000000
1100101011000000100000110001001001101110100101111001000000000000
1100101100000010000011000100100110111010010111100011100000000000
1100101101000011100101011000000100000110001001001110000000000000
1100101110000101000111101011100001010001111010111000100000000000
1100101111000110101001111110111110011101101100100011000000000000
1100110000001000001100010010011011101001011110001101100000000000
1100110001001001101110100101111000110101001111111000000000000000
1100110010001011010000111001010110000001000001100010100000000000
1100110011001100110011001100110011001100110011001101000000000000
1100110100001110010101100000010000011000100100110111100000000000
1100110101001111110111110011101101100100010110100010000000000000
1100110110010001011010000111001010110000001000001100100000000000
1100110111010010111100011010100111111011111001110111000000000000
1100111000010100011110101110000101000111101011100001100000000000
1100111001010110000001000001100010010011011101001100000000000000
1100111010010111100011010100111111011111001110110110100000000000
1100111011011001000101101000011100101011000000100001000000000000
1100111100011010100111111011111001110110110010001011100000000000
1100111101011100001010001111010111000010100011110110000000000000
1100111110011101101100100010110100001110010101100000100000000000
1100111111011111001110110110010001011010000111001011000000000000
1101000000100000110001001001101110100101111000110101100000000000
1101000001100010010011011101001011110001101010100000000000000000
1101000010100011110101110000101000111101011100001010100000000000
1101000011100101011000000100000110001001001101110101000000000000
1101000100100110111010010111100011010100111111011111100000000000
1101000101101000011100101011000000100000110001001010000000000000
1101000110101001111110111110011101101100100010110100100000000000
1101000111101011100001010001111010111000010100011111000000000000
1101001000101101000011100101011000000100000110001001100000000000
1101001001101110100101111000110101001111110111110100000000000000
1101001010110000001000001100010010011011101001011110100000000000
1101001011110001101010011111101111100111011011001001000000000000
1101001100110011001100110011001100110011001100110011100000000000
1101001101110100101111000110101001111110111110011110000000000000
1101001110110110010001011010000111001010110000001000100000000000
1101001111110111110011101101100100010110100001110011000000000000
1101010000111001010110000001000001100010010011011101100000000000
1101010001111010111000010100011110101110000101001000000000000000
1101010010111100011010100111111011111001110110110010100000000000
1101010011111101111100111011011001000101101000011101000000000000
1101010100111111011111001110110110010001011010000111000000000000
1101010110000001000001100010010011011101001011110001100000000000
1101010111000010100011110101110000101000111101011100000000000000
1101011000000100000110001001001101110100101111000110100000000000
1101011001000101101000011100101011000000100000110001000000000000
1101011010000111001010110000001000001100010010011011100000000000
1101011011001000101101000011100101011000000100000110000000000000
1101011100001010001111010111000010100011110101110000100000000000
1101011101001011110001101010011111101111100111011011000000000000
1101011110001101010011111101111100111011011001000101100000000000
1101011111001110110110010001011010000111001010110000000000000000
1101100000010000011000100100110111010010111100011010100000000000
1101100001010001111010111000010100011110101110000101000000000000
1101100010010011011101001011110001101010011111101111100000000000
1101100011010100111111011111001110110110010001011010000000000000
1101100100010110100001110010101100000010000011000100100000000000
1101100101011000000100000110001001001101110100101111000000000000
1101100110011001100110011001100110011001100110011001100000000000
1101100111011011001000101101000011100101011000000100000000000000
1101101000011100101011000000100000110001001001101110100000000000
1101101001011110001101010011111101111100111011011001000000000000
1101101010011111101111100111011011001000101101000011100000000000
1101101011100001010001111010111000010100011110101110000000000000
1101101100100010110100001110010101100000010000011000100000000000
1101101101100100010110100001110010101100000010000011000000000000
1101101110100101111000110101001111110111110011101101100000000000
1101101111100111011011001000101101000011100101011000000000000000
1101110000101000111101011100001010001111010111000010100000000000
1101110001101010011111101111100111011011001000101101000000000000
1101110010101100000010000011000100100110111010010111100000000000
1101110011101101100100010110100001110010101100000010000000000000
1101110100101111000110101001111110111110011101101100100000000000
1101110101110000101000111101011100001010001111010111000000000000
1101110110110010001011010000111001010110000001000001100000000000
1101110111110011101101100100010110100001110010101100000000000000
1101111000110101001111110111110011101101100100010110100000000000
1101111001110110110010001011010000111001010110000001000000000000
1101111010111000010100011110101110000101000111101011100000000000
1101111011111001110110110010001011010000111001010110000000000000
1101111100111011011001000101101000011100101011000000100000000000
1101111101111100111011011001000101101000011100101011000000000000
1101111110111110011101101100100010110100001110010101100000000000
1110000000000000000000000000000000000000000000000000000000000000
1110000001000001100010010011011101001011110001101010100000000000
1110000010000011000100100110111010010111100011010101000000000000
1110000011000100100110111010010111100011010100111111100000000000
1110000100000110001001001101110100101111000110101010000000000000
1110000101000111101011100001010001111010111000010100100000000000
1110000110001001001101110100101111000110101001111111000000000000
1110000111001010110000001000001100010010011011101001100000000000
1110001000001100010010011011101001011110001101010100000000000000
1110001001001101110100101111000110101001111110111110100000000000
1110001010001111010111000010100011110101110000101001000000000000
1110001011010000111001010110000001000001100010010011100000000000
1110001100010010011011101001011110001101010011111110000000000000
1110001101010011111101111100111011011001000101101000100000000000
1110001110010101100000010000011000100100110111010011000000000000
1110001111010111000010100011110101110000101000111101100000000000
1110010000011000100100110111010010111100011010101000000000000000
1110010001011010000111001010110000001000001100010010100000000000
1110010010011011101001011110001101010011111101111101000000000000
1110010011011101001011110001101010011111101111100111100000000000
1110010100011110101110000101000111101011100001010010000000000000
1110010101100000010000011000100100110111010010111100100000000000
1110010110100001110010101100000010000011000100100111000000000000
1110010111100011010100111111011111001110110110010001100000000000
1110011000100100110111010010111100011010100111111100000000000000
1110011001100110011001100110011001100110011001100110100000000000
1110011010100111111011111001110110110010001011010001000000000000
1110011011101001011110001101010011111101111100111011100000000000
1110011100101011000000100000110001001001101110100110000000000000
1110011101101100100010110100001110010101100000010000100000000000
1110011110101110000101000111101011100001010001111011000000000000
1110011111101111100111011011001000101101000011100101100000000000
1110100000110001001001101110100101111000110101010000000000000000
1110100001110010101100000010000011000100100110111010100000000000
1110100010110100001110010101100000010000011000100101000000000000
1110100011110101110000101000111101011100001010001111100000000000
1110100100110111010010111100011010100111111011111010000000000000
1110100101111000110101001111110111110011101101100100100000000000
1110100110111010010111100011010100111111011111001111000000000000
1110100111111011111001110110110010001011010000111001100000000000
1110101000111101011100001010001111010111000010100100000000000000
1110101001111110111110011101101100100010110100001110100000000000
1110101011000000100000110001001001101110100101111001000000000000
1110101100000010000011000100100110111010010111100011100000000000
1110101101000011100101011000000100000110001001001110000000000000
1110101110000101000111101011100001010001111010111000100000000000
1110101111000110101001111110111110011101101100100011000000000000
1110110000001000001100010010011011101001011110001101100000000000
1110110001001001101110100101111000110101001111111000000000000000
1110110010001011010000111001010110000001000001100010100000000000
1110110011001100110011001100110011001100110011001101000000000000
1110110100001110010101100000010000011000100100110111100000000000
1110110101001111110111110011101101100100010110100010000000000000
1110110110010001011010000111001010110000001000001100100000000000
1110110111010010111100011010100111111011111001110111000000000000
1110111000010100011110101110000101000111101011100001100000000000
1110111001010110000001000001100010010011011101001100000000000000
1110111010010111100011010100111111011111001110110110100000000000
1110111011011001000101101000011100101011000000100001000000000000
1110111100011010100111111011111001110110110010001011100000000000
1110111101011100001010001111010111000010100011110110000000000000
1110111110011101101100100010110100001110010101100000100000000000
1110111111011111001110110110010001011010000111001011000000000000
1111000000100000110001001001101110100101111000110101100000000000
1111000001100010010011011101001011110001101010100000000000000000
1111000010100011110101110000101000111101011100001010100000000000
1111000011100101011000000100000110001001001101110101000000000000
1111000100100110111010010111100011010100111111011111100000000000
1111000101101000011100101011000000100000110001001010000000000000
1111000110101001111110111110011101101100100010110100100000000000
1111000111101011100001010001111010111000010100011111000000000000
1111001000101101000011100101011000000100000110001001100000000000
1111001001101110100101111000110101001111110111110100000000000000
1111001010110000001000001100010010011011101001011110100000000000
1111001011110001101010011111101111100111011011001001000000000000
1111001100110011001100110011001100110011001100110011100000000000
1111001101110100101111000110101001111110111110011110000000000000
1111001110110110010001011010000111001010110000001000100000000000
1111001111110111110011101101100100010110100001110011000000000000
1111010000111001010110000001000001100010010011011101100000000000
1111010001111010111000010100011110101110000101001000000000000000
1111010010111100011010100111111011111001110110110010100000000000
1111010011111101111100111011011001000101101000011101000000000000
1111010100111111011111001110110110010001011010000111100000000000
1111010110000001000001100010010011011101001011110010000000000000
1111010111000010100011110101110000101000111101011100000000000000
1111011000000100000110001001001101110100101111000110100000000000
1111011001000101101000011100101011000000100000110001000000000000
1111011010000111001010110000001000001100010010011011100000000000
1111011011001000101101000011100101011000000100000110000000000000
1111011100001010001111010111000010100011110101110000100000000000
1111011101001011110001101010011111101111100111011011000000000000
1111011110001101010011111101111100111011011001000101100000000000
1111011111001110110110010001011010000111001010110000000000000000
1111100000010000011000100100110111010010111100011010100000000000
1111100001010001111010111000010100011110101110000101000000000000
1111100010010011011101001011110001101010011111101111100000000000
1111100011010100111111011111001110110110010001011010000000000000
1111100100010110100001110010101100000010000011000100100000000000
1111100101011000000100000110001001001101110100101111000000000000
1111100110011001100110011001100110011001100110011001100000000000
1111100111011011001000101101000011100101011000000100000000000000
1111101000011100101011000000100000110001001001101110100000000000
1111101001011110001101010011111101111100111011011001000000000000
1111101010011111101111100111011011001000101101000011100000000000
1111101011100001010001111010111000010100011110101110000000000000
1111101100100010110100001110010101100000010000011000100000000000
1111101101100100010110100001110010101100000010000011000000000000
1111101110100101111000110101001111110111110011101101100000000000
1111101111100111011011001000101101000011100101011000000000000000
1111110000101000111101011100001010001111010111000010100000000000
1111110001101010011111101111100111011011001000101101000000000000
1111110010101100000010000011000100100110111010010111100000000000
1111110011101101100100010110100001110010101100000010000000000000
1111110100101111000110101001111110111110011101101100100000000000
1111110101110000101000111101011100001010001111010111000000000000
1111110110110010001011010000111001010110000001000001100000000000
1111110111110011101101100100010110100001110010101100000000000000
1111111000110101001111110111110011101101100100010110100000000000
1111111001110110110010001011010000111001010110000001000000000000
1111111010111000010100011110101110000101000111101011100000000000
1111111011111001110110110010001011010000111001010110000000000000
1111111100111011011001000101101000011100101011000000100000000000
1111111101111100111011011001000101101000011100101011000000000000
1111111110111110011101101100100010110100001110010101100000000000
