0000000000000000000000000000000000000000000000000000000000000000
0000000000000000100100111100110100111010001011001000000110011000
0000000000000000011000001100001001000111100110101001111111011111
0000000000000000001000000100000011000010100010001101111111110101
0000000000000000000000000000000000000000000000010110101000001001
0000000000000000000000000000000000000000000000010000010000011000
0000000000000000000000000000000000000000000001001001111001101001
0000000000000000000000000000000000000000000000001111111111111111
0000000000000000000000000000000000000000000001100100110111001111
0000000000000000000000000000000000000000000000100111001100100010
0000000000000000000000000000000000000000000000010110010101000000
0000000000000000000000000000000000000000000000010101011010001000
0000000000000000000000000000000000000000000000011011001010010001
0000000000000000000000000000000000000000000000010110111000011010
0000000000000000000000000000000000000000000000010011100100001011
0000000000000000000000000000000000000000000000010000001110011010
0000000000000000000000000000000000000000000000010101101000101100
0000000000000000000000000000000000000000000000010101100010100100
0000000000000000000000000000000000000000000000011101010000011110
0000000000000000000000000000000000000000000000010000010110111011
0000000000000000000000000000000000000000000000010011001000110101
0000000000000000000000000000000000000000000000010100110100001001
0000000000000000000000000000000000000000000000010101000100010001
0000000000000000000000000000000000000000000000101000000100001010
0000000000000000000000000000000000000000000000101000010100010101
0000000000000000000000000000000000000000000000010000100001101110
0000000000000000000000000000000000000000000000100100110100100111
0000000000000000000000000000000000000000000010001011000010100100
0000000000000000000000000000000000000000000000010101011101100011
0000000000000000000000000000000000000000000000010010101111101011
0000000000000000000000000000000000000000000000010000000110001011
0000000000000000000000000000000000000000000000010000001111010001
0000000000000000000000000000000000000000000000010110110101110110
0000000000000000000000000000000000000000000000011001010000001111
0000000000000000000000000000000000000000000000100011101111101011
0000000000000000000000000000000000000000000000011100100101101110
0000000000000000000000000000000000000000000000011001110001010101
0000000000000000000000000000000000000000000000010011001010110011
0000000000000000000000000000000000000000000000011011011101101101
0000000000000000000000000000000000000000000000011110110000000101
0000000000000000000000000000000000000000000000010000000111111110
0000000000000000000000000000000000000000000000010001000111111111
0000000000000000000000000000000000000000000000010011010101111100
0000000000000000000000000000000000000000000000101111100010110011
0000000000000000000000000000000000000000000000010011010010001011
0000000000000000000000000000000000000000000000011000111101100110
0000000000000000000000000000000000000000000000101111101010010101
0000000000000000000000000000000000000000000000011111111010110001
0000000000000000000000000000000000000000000000010100111011010011
0000000000000000000000000000000000000000000000101000000000011011
0000000000000000000000000000000000000000000000010100011111000010
0000000000000000000000000000000000000000000000010100011100101010
0000000000000000000000000000000000000000000000010011011100111010
0000000000000000000000000000000000000000000000010011101010010010
0000000000000000000000000000000000000000000000010101011111100111
0000000000000000000000000000000000000000000000011010111110111100
0000000000000000000000000000000000000000000000010000111100011110
0000000000000000000000000000000000000000000000010100100111101100
0000000000000000000000000000000000000000000000010001001110011110
0000000000000000000000000000000000000000000000011110110000000101
0000000000000000000000000000000000000000000000010100100110010110
0000000000000000000000000000000000000000000000010100011100001111
0000000000000000000000000000000000000000000000010100101101110111
0000000000000000000000000000000000000000000000010001000101001101
0000000000000000000000000000000000000000000001010001001001011000
0000000000000000000000000000000000000000000000010110101101111001
0000000000000000000000000000000000000000000000010110101101010010
0000000000000000000000000000000000000000000000011001010001101001
0000000000000000000000000000000000000000000000010000001100010001
0000000000000000000000000000000000000000000000010010011110010011
0000000000000000000000000000000000000000000000010110110101001101
0000000000000000000000000000000000000000000001000111110000010010
0000000000000000000000000000000000000000000001000001100000011001
0000000000000000000000000000000000000000000000011111100001001011
0000000000000000000000000000000000000000000000010001000010100011
0000000000000000000000000000000000000000000000010100110010010100
0000000000000000000000000000000000000000000000011110001000010101
0000000000000000000000000000000000000000000000011100100100100101
0000000000000000000000000000000000000000000000010111010001100101
0000000000000000000000000000000000000000000001000110000100010011
0000000000000000000000000000000000000000000000011100010100011100
0000000000000000000000000000000000000000000000010110000010010111
0000000000000000000000000000000000000000000000011001000101000100
0000000000000000000000000000000000000000000000010010101111011001
0000000000000000000000000000000000000000000000010111010011101100
0000000000000000000000000000000000000000000000010000010001010110
0000000000000000000000000000000000000000000000010110100010100010
0000000000000000000000000000000000000000000000010011000001001110
0000000000000000000000000000000000000000000000011010110001101101
0000000000000000000000000000000000000000000000010000100011110101
0000000000000000000000000000000000000000000000010111100001000011
0000000000000000000000000000000000000000000000010011110110100111
0000000000000000000000000000000000000000000000010010011010110101
0000000000000000000000000000000000000000000000010000000000010100
0000000000000000000000000000000000000000000000100010011101100110
0000000000000000000000000000000000000000000000011001101000110010
0000000000000000000000000000000000000000000000010011110010011100
0000000000000000000000000000000000000000000000010101011110000011
0000000000000000000000000000000000000000000000010011101010000001
0000000000000000000000000000000000000000000000101011001111100011
0000000000000000000000000000000000000000000000101010010100001011
0000000000000000000000000000000000000000000000010010110010100100
0000000000000000000000000000000000000000000000010011111001101101
0000000000000000000000000000000000000000000000101110001000000001
0000000000000000000000000000000000000000000000010010110111000101
0000000000000000000000000000000000000000000000100100100001010101
0000000000000000000000000000000000000000000000010110111111010001
0000000000000000000000000000000000000000000000011110111000001100
0000000000000000000000000000000000000000000000010101100000001100
0000000000000000000000000000000000000000000000011100111110110101
0000000000000000000000000000000000000000000000010000100111011111
0000000000000000000000000000000000000000000000010111101101000011
0000000000000000000000000000000000000000000000010111001011100000
0000000000000000000000000000000000000000000001100011010000011001
0000000000000000000000000000000000000000000000011001100011101101
0000000000000000000000000000000000000000000000010101111100011111
0000000000000000000000000000000000000000000000100100100111000111
0000000000000000000000000000000000000000000000010011111101000011
0000000000000000000000000000000000000000000000011010001000010001
0000000000000000000000000000000000000000000000010101110100101001
0000000000000000000000000000000000000000000000010001111110101110
0000000000000000000000000000000000000000000000010101001100000010
0000000000000000000000000000000000000000000000100110011011000110
0000000000000000000000000000000000000000000000010101011100011100
0000000000000000000000000000000000000000000000010010111011110101
0000000000000000000000000000000000000000000000010000001100101111
0000000000000000000000000000000000000000000000010001011000000101
0000000000000000000000000000000000000000000000010100011110010100
0000000000000000000000000000000000000000000000011110111101101100
0000000000000000000000000000000000000000000000011011000000110111
0000000000000000000000000000000000000000000001001110000001011011
0000000000000000000000000000000000000000000000010110100000101111
0000000000000000000000000000000000000000000000100111011110101010
0000000000000000000000000000000000000000000000010100000001010101
0000000000000000000000000000000000000000000000101001000000100010
0000000000000000000000000000000000000000000000110101011101001000
0000000000000000000000000000000000000000000000010010101011101101
0000000000000000000000000000000000000000000000010010001110101110
0000000000000000000000000000000000000000000000111111100001001111
0000000000000000000000000000000000000000000000011001101111100100
0000000000000000000000000000000000000000000001011000001011000100
0000000000000000000000000000000000000000000001001010010001111110
0000000000000000000000000000000000000000000000010101100000010011
0000000000000000000000000000000000000000000000010111010111010110
0000000000000000000000000000000000000000000001001011101110101111
0000000000000000000000000000000000000000000000101011000010000101
0000000000000000000000000000000000000000000000011001010101100011
0000000000000000000000000000000000000000000000010000110010011110
0000000000000000000000000000000000000000000000010101011010100001
0000000000000000000000000000000000000000000001000101110110011000
0000000000000000000000000000000000000000000000010111111111110100
0000000000000000000000000000000000000000000000011001110001100001
0000000000000000000000000000000000000000000000011100110010001101
0000000000000000000000000000000000000000000000010001100011001101
0000000000000000000000000000000000000000000000010010001101000001
0000000000000000000000000000000000000000000000010000101101100000
0000000000000000000000000000000000000000000000010110000111010111
0000000000000000000000000000000000000000000000010111001100011000
0000000000000000000000000000000000000000000001011111000110101000
0000000000000000000000000000000000000000000000011011100101011111
0000000000000000000000000000000000000000000000100010100001110000
0000000000000000000000000000000000000000000000010110010100111100
0000000000000000000000000000000000000000000000010001011000110010
0000000000000000000000000000000000000000000000011011001100010100
0000000000000000000000000000000000000000000000011001000010010111
0000000000000000000000000000000000000000000000100110101011101010
0000000000000000000000000000000000000000000000011110010010000101
0000000000000000000000000000000000000000000000010111011111001000
0000000000000000000000000000000000000000000001010010010000110000
0000000000000000000000000000000000000000000000011111000000001011
0000000000000000000000000000000000000000000000010000000110101010
0000000000000000000000000000000000000000000000010000010011101011
0000000000000000000000000000000000000000000000011000000111110010
0000000000000000000000000000000000000000000000111101111001010111
0000000000000000000000000000000000000000000000010110000110110010
0000000000000000000000000000000000000000000000010010001001000000
0000000000000000000000000000000000000000000000010111100011000011
0000000000000000000000000000000000000000000000011011101010000100
0000000000000000000000000000000000000000000000011000110101001000
0000000000000000000000000000000000000000000000010011001110001010
0000000000000000000000000000000000000000000000011100000110100110
0000000000000000000000000000000000000000000000010010000000011100
0000000000000000000000000000000000000000000000011101111011010100
0000000000000000000000000000000000000000000000010000101101110100
0000000000000000000000000000000000000000000000011000011101000000
0000000000000000000000000000000000000000000000010011110011010001
0000000000000000000000000000000000000000000000010011000100000010
0000000000000000000000000000000000000000000000011011000110101011
0000000000000000000000000000000000000000000000010110100101111001
0000000000000000000000000000000000000000000000101001100101011011
0000000000000000000000000000000000000000000000011101000101010000
0000000000000000000000000000000000000000000000010011001010010101
0000000000000000000000000000000000000000000000100011111000010111
0000000000000000000000000000000000000000000000010100111000011101
0000000000000000000000000000000000000000000000010010110111100101
0000000000000000000000000000000000000000000001010111011111011111
0000000000000000000000000000000000000000000000010000110111100100
0000000000000000000000000000000000000000000000010101101101110110
0000000000000000000000000000000000000000000000010111110101001001
0000000000000000000000000000000000000000000000100011011010001010
0000000000000000000000000000000000000000000000010100011001010000
0000000000000000000000000000000000000000000000100010010110110000
0000000000000000000000000000000000000000000000100100010100010001
0000000000000000000000000000000000000000000000010011110000001011
0000000000000000000000000000000000000000000000010110001001100011
0000000000000000000000000000000000000000000000010100010111101101
0000000000000000000000000000000000000000000001110011111111101101
0000000000000000000000000000000000000000000001001010100101110101
0000000000000000000000000000000000000000000000010010101001100110
0000000000000000000000000000000000000000000000111100000010101100
0000000000000000000000000000000000000000000000011000101111100001
0000000000000000000000000000000000000000000000010111000110111110
0000000000000000000000000000000000000000000000011001110110100000
0000000000000000000000000000000000000000000000100100111011010100
0000000000000000000000000000000000000000000000110011010111110111
0000000000000000000000000000000000000000000000010001010101011111
0000000000000000000000000000000000000000000000010111000000101010
0000000000000000000000000000000000000000000000010010010110100000
0000000000000000000000000000000000000000000000010000001101001111
0000000000000000000000000000000000000000000000010001001101111111
0000000000000000000000000000000000000000000000011000110111010010
0000000000000000000000000000000000000000000000011111110010110010
0000000000000000000000000000000000000000000000010001001111010010
0000000000000000000000000000000000000000000000011101110111011110
0000000000000000000000000000000000000000000000101110000111100000
0000000000000000000000000000000000000000000000010111111011111111
0000000000000000000000000000000000000000000000010010110000100010
0000000000000000000000000000000000000000000000010101001100000110
0000000000000000000000000000000000000000000010000100001100110111
0000000000000000000000000000000000000000000000010110111111000001
0000000000000000000000000000000000000000000000011000101011011011
0000000000000000000000000000000000000000000000100010110111100101
0000000000000000000000000000000000000000000000010000001000010001
0000000000000000000000000000000000000000000000010011010011111101
0000000000000000000000000000000000000000000000011000000000101111
0000000000000000000000000000000000000000000000010100010001000000
0000000000000000000000000000000000000000000000010001100000100100
0000000000000000000000000000000000000000000000101001111001001100
0000000000000000000000000000000000000000000000010010001010011111
0000000000000000000000000000000000000000000000011110010011111011
0000000000000000000000000000000000000000000000010010111001000100
0000000000000000000000000000000000000000000000010001110101111110
0000000000000000000000000000000000000000000000010101011001110101
0000000000000000000000000000000000000000000000010001100011010100
0000000000000000000000000000000000000000000000010100011011101010
0000000000000000000000000000000000000000000000100000100100011111
0000000000000000000000000000000000000000000001101011011001010110
0000000000000000000000000000000000000000000000010100000000001111
0000000000000000000000000000000000000000000000010101010111001110
0000000000000000000000000000000000000000000000100010001000001111
0000000000000000000000000000000000000000000000010110101101101101
0000000000000000000000000000000000000000000000010000100001100101
0000000000000000000000000000000000000000000000010000001100000010
0000000000000000000000000000000000000000000000100100011000100111
0000000000000000000000000000000000000000000000010011111001001100
0000000000000000000000000000000000000000000000010000010100000110
0000000000000000000000000000000000000000000000011011110001111000
0000000000000000000000000000000000000000000000010000110001011000
0000000000000000000000000000000000000000000000010101100101011100
0000000000000000000000000000000000000000000000110000110100101011
0000000000000000000000000000000000000000000000010110100001111011
0000000000000000000000000000000000000000000001001010011111011110
0000000000000000000000000000000000000000000000111111000000000011
0000000000000000000000000000000000000000000000010000101010110010
0000000000000000000000000000000000000000000001000001010010100000
0000000000000000000000000000000000000000000000010110100100011101
0000000000000000000000000000000000000000000001000000010110011010
0000000000000000000000000000000000000000000000010000000111100000
0000000000000000000000000000000000000000000000101100110000111100
0000000000000000000000000000000000000000000000010011000000001000
0000000000000000000000000000000000000000000000010011010101101111
0000000000000000000000000000000000000000000000010001011000011010
0000000000000000000000000000000000000000000000011111110111110111
0000000000000000000000000000000000000000000000010010011001100001
0000000000000000000000000000000000000000000000010100110110111011
0000000000000000000000000000000000000000000000010001001111010101
0000000000000000000000000000000000000000000000010101010010001001
0000000000000000000000000000000000000000000000010000011010100100
0000000000000000000000000000000000000000000000100101110111010100
0000000000000000000000000000000000000000000000011110110000110000
0000000000000000000000000000000000000000000000010001100000010011
0000000000000000000000000000000000000000000000010011110001110010
0000000000000000000000000000000000000000000000010001000001000010
0000000000000000000000000000000000000000000000010010001100011011
0000000000000000000000000000000000000000000000011011111001101001
0000000000000000000000000000000000000000000000010010101101000100
0000000000000000000000000000000000000000000000011110011010001001
0000000000000000000000000000000000000000000000010010100010011111
0000000000000000000000000000000000000000000000011010001000110001
0000000000000000000000000000000000000000000000011101111011110101
0000000000000000000000000000000000000000000000010001010111101110
0000000000000000000000000000000000000000000000111101110010011101
0000000000000000000000000000000000000000000000100100100000010111
0000000000000000000000000000000000000000000000010010001011100001
0000000000000000000000000000000000000000000000010100111111101100
0000000000000000000000000000000000000000000000100101011010000110
0000000000000000000000000000000000000000000000010011001101111000
0000000000000000000000000000000000000000000000011100101001110110
0000000000000000000000000000000000000000000000011001000010001011
0000000000000000000000000000000000000000000000010000101100010101
0000000000000000000000000000000000000000000000010011101111010111
0000000000000000000000000000000000000000000000100000100101101010
0000000000000000000000000000000000000000000000011110110010111010
0000000000000000000000000000000000000000000000110000010100001110
0000000000000000000000000000000000000000000000010100001001100100
0000000000000000000000000000000000000000000000011010111001110110
0000000000000000000000000000000000000000000000100011100000000010
0000000000000000000000000000000000000000000000010011001101101000
0000000000000000000000000000000000000000000000011101010001010111
0000000000000000000000000000000000000000000000010001001010000011
0000000000000000000000000000000000000000000000101001001010110000
0000000000000000000000000000000000000000000000101100110100111011
0000000000000000000000000000000000000000000000010100001000000001
0000000000000000000000000000000000000000000001010011000000111110
0000000000000000000000000000000000000000000000010110010100001110
0000000000000000000000000000000000000000000000010011000101101101
0000000000000000000000000000000000000000000000010100100010011101
0000000000000000000000000000000000000000000000010000001111100011
0000000000000000000000000000000000000000000000010100011110010100
0000000000000000000000000000000000000000000000011000101000010111
0000000000000000000000000000000000000000000000010000000001001010
0000000000000000000000000000000000000000000001100101000011001011
0000000000000000000000000000000000000000000000010100011011010010
0000000000000000000000000000000000000000000000010000101001010010
0000000000000000000000000000000000000000000000010101011111000000
0000000000000000000000000000000000000000000000010011010111001100
0000000000000000000000000000000000000000000000100011100000000101
0000000000000000000000000000000000000000000000011101011110001000
0000000000000000000000000000000000000000000000010101101011011101
0000000000000000000000000000000000000000000000011010001000100011
0000000000000000000000000000000000000000000000010010110001011111
0000000000000000000000000000000000000000000000010100110001110010
0000000000000000000000000000000000000000000000010000011000001010
0000000000000000000000000000000000000000000000010001101001111010
0000000000000000000000000000000000000000000000010011101011001011
0000000000000000000000000000000000000000000000010100010101010010
0000000000000000000000000000000000000000000001101111000101000111
0000000000000000000000000000000000000000000000010011110011110010
0000000000000000000000000000000000000000000000010010100110010100
0000000000000000000000000000000000000000000000010010101011110111
0000000000000000000000000000000000000000000000010001001100111100
0000000000000000000000000000000000000000000000011001001100010111
0000000000000000000000000000000000000000000000011000010110111010
0000000000000000000000000000000000000000000000100100111010001001
0000000000000000000000000000000000000000000000011101001000010001
0000000000000000000000000000000000000000000000010110100010100110
0000000000000000000000000000000000000000000000010001111111000111
0000000000000000000000000000000000000000000000011011110100101111
0000000000000000000000000000000000000000000000010101001001101100
0000000000000000000000000000000000000000000000101000001001100001
0000000000000000000000000000000000000000000000010001101110001001
0000000000000000000000000000000000000000000000011110101011010000
0000000000000000000000000000000000000000000000010111110011010001
0000000000000000000000000000000000000000000000011001001110010011
0000000000000000000000000000000000000000000000010001011000000101
0000000000000000000000000000000000000000000000010001101110011100
0000000000000000000000000000000000000000000000010000011011011000
0000000000000000000000000000000000000000000000011011010110000001
0000000000000000000000000000000000000000000000010001111110000110
0000000000000000000000000000000000000000000000010001110100100100
0000000000000000000000000000000000000000000000010010010011001011
0000000000000000000000000000000000000000000000010010110011011010
0000000000000000000000000000000000000000000000011101100001001100
0000000000000000000000000000000000000000000001001010110010110001
0000000000000000000000000000000000000000000000010000101100000010
0000000000000000000000000000000000000000000000010000001001000110
0000000000000000000000000000000000000000000000010011011100001111
0000000000000000000000000000000000000000000000010100000100000100
0000000000000000000000000000000000000000000000011110111000001101
0000000000000000000000000000000000000000000000011000110010001110
0000000000000000000000000000000000000000000000010010100111110101
0000000000000000000000000000000000000000000000010101100100000101
0000000000000000000000000000000000000000000000010011010111101010
0000000000000000000000000000000000000000000001010110000010101001
0000000000000000000000000000000000000000000000011010000101001010
0000000000000000000000000000000000000000000000010001010001001000
0000000000000000000000000000000000000000000000011000010000111111
0000000000000000000000000000000000000000000000110101101010000010
0000000000000000000000000000000000000000000000010100111101000100
0000000000000000000000000000000000000000000000011011101111111000
0000000000000000000000000000000000000000000000011101101010100100
0000000000000000000000000000000000000000000000011011110001111101
0000000000000000000000000000000000000000000000100011010000000110
0000000000000000000000000000000000000000000000010100010011111000
0000000000000000000000000000000000000000000000011000010100011000
0000000000000000000000000000000000000000000000011000110001000010
0000000000000000000000000000000000000000000000010011011000100011
0000000000000000000000000000000000000000000000111100110100111100
0000000000000000000000000000000000000000000000010011001010000011
0000000000000000000000000000000000000000000000010110001000011010
0000000000000000000000000000000000000000000000010111011011000001
0000000000000000000000000000000000000000000001010010000111100111
0000000000000000000000000000000000000000000000010011001001110001
0000000000000000000000000000000000000000000000101010111000110101
0000000000000000000000000000000000000000000000010000010001111010
0000000000000000000000000000000000000000000000010110001110011100
0000000000000000000000000000000000000000000000010110010100001101
0000000000000000000000000000000000000000000000010110100010000111
0000000000000000000000000000000000000000000001001100010101111101
0000000000000000000000000000000000000000000000010011101111000101
0000000000000000000000000000000000000000000000110101101100101111
0000000000000000000000000000000000000000000000011010100011010000
0000000000000000000000000000000000000000000000010010111101001110
0000000000000000000000000000000000000000000000010000010001010100
0000000000000000000000000000000000000000000000010011100000001000
0000000000000000000000000000000000000000000000101001101001100011
0000000000000000000000000000000000000000000000101011110000000110
0000000000000000000000000000000000000000000000100010111011100111
0000000000000000000000000000000000000000000000011101100110100010
0000000000000000000000000000000000000000000000100011001111101100
0000000000000000000000000000000000000000000000010000100010011111
0000000000000000000000000000000000000000000000100010011001101001
0000000000000000000000000000000000000000000000011010001111100011
0000000000000000000000000000000000000000000000111100100000000100
0000000000000000000000000000000000000000000000010011010001110000
0000000000000000000000000000000000000000000000011100010011011000
0000000000000000000000000000000000000000000000010110110100001000
0000000000000000000000000000000000000000000001101011110101011010
0000000000000000000000000000000000000000000000010000000111100000
0000000000000000000000000000000000000000000000110101011000011101
0000000000000000000000000000000000000000000000010000011101011001
0000000000000000000000000000000000000000000000101001011100101011
0000000000000000000000000000000000000000000000011110100010001100
0000000000000000000000000000000000000000000001010010001101010000
0000000000000000000000000000000000000000000000010010100110110110
0000000000000000000000000000000000000000000000010001001001100011
0000000000000000000000000000000000000000000000101000001111111011
0000000000000000000000000000000000000000000000010101101010101000
0000000000000000000000000000000000000000000000010001010110110011
0000000000000000000000000000000000000000000000110111000001101010
0000000000000000000000000000000000000000000000100111100110000110
0000000000000000000000000000000000000000000000010100001000011000
0000000000000000000000000000000000000000000000010000100011011010
0000000000000000000000000000000000000000000000010000010100100111
0000000000000000000000000000000000000000000000010011011111101010
0000000000000000000000000000000000000000000000100010110110111101
0000000000000000000000000000000000000000000000010010000101010011
0000000000000000000000000000000000000000000000010011100001101111
0000000000000000000000000000000000000000000000100001010011110001
0000000000000000000000000000000000000000000000101110100110100110
0000000000000000000000000000000000000000000000100001000110100010
0000000000000000000000000000000000000000000000010001111011110110
0000000000000000000000000000000000000000000000110101111100111111
0000000000000000000000000000000000000000000000011101100000000000
0000000000000000000000000000000000000000000000010111001011110000
0000000000000000000000000000000000000000000000010010001101010001
0000000000000000000000000000000000000000000000010100111001101111
0000000000000000000000000000000000000000000000011100100110010010
0000000000000000000000000000000000000000000000010111100001000001
0000000000000000000000000000000000000000000000010100001011001100
0000000000000000000000000000000000000000000000011101011011110010
0000000000000000000000000000000000000000000000010100001100010010
0000000000000000000000000000000000000000000000010110011111000001
0000000000000000000000000000000000000000000000010101010111001100
0000000000000000000000000000000000000000000000010101100100101001
0000000000000000000000000000000000000000000000010001100001000010
0000000000000000000000000000000000000000000000010000110111000110
0000000000000000000000000000000000000000000000011010010110100001
0000000000000000000000000000000000000000000000101001000011000011
0000000000000000000000000000000000000000000000010010111011110110
0000000000000000000000000000000000000000000000010010110111011101
0000000000000000000000000000000000000000000000101101100011110100
0000000000000000000000000000000000000000000000010111010000110100
0000000000000000000000000000000000000000000000010001101100100000
0000000000000000000000000000000000000000000000010100000001101010
0000000000000000000000000000000000000000000000010000001101001101
0000000000000000000000000000000000000000000000010000110010110011
0000000000000000000000000000000000000000000000010000100111101111
0000000000000000000000000000000000000000000000011000001000101011
0000000000000000000000000000000000000000000000010010001101010100
0000000000000000000000000000000000000000000000010110100010110010
0000000000000000000000000000000000000000000000010000010000010100
0000000000000000000000000000000000000000000000011001101101000100
0000000000000000000000000000000000000000000000010100111110011001
0000000000000000000000000000000000000000000000100100010101001000
0000000000000000000000000000000000000000000000010001111011000101
0000000000000000000000000000000000000000000000010000011010111010
0000000000000000000000000000000000000000000000011111110011011000
0000000000000000000000000000000000000000000000110110100001001011
0000000000000000000000000000000000000000000000011010001001100111
0000000000000000000000000000000000000000000000110110001001111101
0000000000000000000000000000000000000000000000010011100001101101
0000000000000000000000000000000000000000000000010110100001111110
0000000000000000000000000000000000000000000000010011110001000101
0000000000000000000000000000000000000000000000011001000111100000
0000000000000000000000000000000000000000000000010100011000000100
0000000000000000000000000000000000000000000000010101000111001010
0000000000000000000000000000000000000000000000010100101110010100
0000000000000000000000000000000000000000000000010110010110101001
0000000000000000000000000000000000000000000000010001011000110001
0000000000000000000000000000000000000000000000010000111000001110
0000000000000000000000000000000000000000000000010101110110011101
0000000000000000000000000000000000000000000000010111100001110101
0000000000000000000000000000000000000000000000100001100011101111
0000000000000000000000000000000000000000000000010010010111111110
0000000000000000000000000000000000000000000000011000101011011101
0000000000000000000000000000000000000000000000010100110101011010
0000000000000000000000000000000000000000000001000100011100100100
0000000000000000000000000000000000000000000000011000011101000110
0000000000000000000000000000000000000000000000010010001000000101
0000000000000000000000000000000000000000000000011000111100100010
0000000000000000000000000000000000000000000000010010101011101111
0000000000000000000000000000000000000000000000011000001001110010
0000000000000000000000000000000000000000000000100101110001010100
0000000000000000000000000000000000000000000000010110000110100001
0000000000000000000000000000000000000000000010110111001001010101
0000000000000000000000000000000000000000000000101001001001110100
0000000000000000000000000000000000000000000000010011100111010111
0000000000000000000000000000000000000000000000011101010111101010
0000000000000000000000000000000000000000000000010000010101011100
0000000000000000000000000000000000000000000000010111010010110001
0000000000000000000000000000000000000000000000010001100101000100
0000000000000000000000000000000000000000000000010110110111101011
0000000000000000000000000000000000000000000000011011100110000011
0000000000000000000000000000000000000000000000010010101000000000
0000000000000000000000000000000000000000000000101111001101000001
0000000000000000000000000000000000000000000000010000011100101000
0000000000000000000000000000000000000000000000010001110100101100
0000000000000000000000000000000000000000000001000000100101000000
0000000000000000000000000000000000000000000000101010100001010110
0000000000000000000000000000000000000000000000010001000001110110
0000000000000000000000000000000000000000000000010011010000111011
0000000000000000000000000000000000000000000000011001110010111101
0000000000000000000000000000000000000000000000100111111011011010
0000000000000000000000000000000000000000000000010100110010000110
0000000000000000000000000000000000000000000000010101010011011111
0000000000000000000000000000000000000000000000101010111111110001
0000000000000000000000000000000000000000000000010011111000100100
0000000000000000000000000000000000000000000000010100100010011000
0000000000000000000000000000000000000000000000010101010001111001
0000000000000000000000000000000000000000000000100001100101011000
0000000000000000000000000000000000000000000000010111101000100101
0000000000000000000000000000000000000000000000010000001101111100
0000000000000000000000000000000000000000000000010010111011001100
0000000000000000000000000000000000000000000000011011001001001011
0000000000000000000000000000000000000000000000010101100111110111
0000000000000000000000000000000000000000000000011010100111001000
0000000000000000000000000000000000000000000000010110010111000111
0000000000000000000000000000000000000000000000100100100110011111
0000000000000000000000000000000000000000000000100010001010111011
0000000000000000000000000000000000000000000000100011100011110010
0000000000000000000000000000000000000000000000010001000100110010
0000000000000000000000000000000000000000000110101110110000000100
0000000000000000000000000000000000000000000000011110010111101010
0000000000000000000000000000000000000000000000010010001010110100
0000000000000000000000000000000000000000000000101010110100011001
0000000000000000000000000000000000000000000000100111011111100000
0000000000000000000000000000000000000000000000100100001101001001
0000000000000000000000000000000000000000000000011000110100000101
0000000000000000000000000000000000000000000000010011101111010011
0000000000000000000000000000000000000000000000011100011111110001
0000000000000000000000000000000000000000000000010111001101110001
0000000000000000000000000000000000000000000000011000010001101100
0000000000000000000000000000000000000000000000010101100101010100
0000000000000000000000000000000000000000000000010110001010111001
0000000000000000000000000000000000000000000000110011001011010101
0000000000000000000000000000000000000000000000010000010101111010
0000000000000000000000000000000000000000000000010010001000001100
0000000000000000000000000000000000000000000000011110101000011101
0000000000000000000000000000000000000000000001000011111000001101
0000000000000000000000000000000000000000000000011100010111011111
0000000000000000000000000000000000000000000000100100100011111110
0000000000000000000000000000000000000000000000010010000001000100
0000000000000000000000000000000000000000000000011111001001100000
0000000000000000000000000000000000000000000001011100010100001000
0000000000000000000000000000000000000000000001001010101000001101
0000000000000000000000000000000000000000000000010101000110111111
0000000000000000000000000000000000000000000000010000100001111001
0000000000000000000000000000000000000000000000100011001101111110
0000000000000000000000000000000000000000000001001000000010011000
0000000000000000000000000000000000000000000000010001001101011100
0000000000000000000000000000000000000000000000010101101011111110
0000000000000000000000000000000000000000000001001010010001111101
0000000000000000000000000000000000000000000000010111111100010110
0000000000000000000000000000000000000000000000010101111100101001
0000000000000000000000000000000000000000000000010001110001110101
0000000000000000000000000000000000000000000000010100011001100100
0000000000000000000000000000000000000000000000010001111111010010
0000000000000000000000000000000000000000000000010010100001111011
0000000000000000000000000000000000000000000000010000111100100000
0000000000000000000000000000000000000000000000010100001010110111
0000000000000000000000000000000000000000000000010011101100110100
0000000000000000000000000000000000000000000000010001000101010111
0000000000000000000000000000000000000000000000011010011101010111
0000000000000000000000000000000000000000000000010110010001111111
0000000000000000000000000000000000000000000000010000001010110000
0000000000000000000000000000000000000000000000100010100001101110
0000000000000000000000000000000000000000000000011000001001110011
0000000000000000000000000000000000000000000000011100001111110001
0000000000000000000000000000000000000000000001000100110110001001
0000000000000000000000000000000000000000000000011010011110111000
0000000000000000000000000000000000000000000000010000111101101111
0000000000000000000000000000000000000000000010111011111100101110
0000000000000000000000000000000000000000000000010010010101011001
0000000000000000000000000000000000000000000000010001000000101111
0000000000000000000000000000000000000000000000101001000101100000
0000000000000000000000000000000000000000000000010010011000001011
0000000000000000000000000000000000000000000000111001110001011100
0000000000000000000000000000000000000000000000100100000010001001
0000000000000000000000000000000000000000000000111000101101100011
0000000000000000000000000000000000000000000000010001010111011101
0000000000000000000000000000000000000000000000011010001100100011
0000000000000000000000000000000000000000000111100001000000001011
0000000000000000000000000000000000000000000000010010010110111010
0000000000000000000000000000000000000000000000010010000110001111
0000000000000000000000000000000000000000000000100000000011000010
0000000000000000000000000000000000000000000000100101001001111101
0000000000000000000000000000000000000000000000010111000100101100
0000000000000000000000000000000000000000000000010000101100110010
0000000000000000000000000000000000000000000000010100001000101001
0000000000000000000000000000000000000000000000100001101100010110
0000000000000000000000000000000000000000000000010110010111100100
0000000000000000000000000000000000000000000000111101000101101111
0000000000000000000000000000000000000000000000010011110000110001
0000000000000000000000000000000000000000000000011110010101011010
0000000000000000000000000000000000000000000000010101110111110010
0000000000000000000000000000000000000000000000011011001000101000
0000000000000000000000000000000000000000000000011000111111010101
0000000000000000000000000000000000000000000000011001001001100000
0000000000000000000000000000000000000000000000011100001010010001
0000000000000000000000000000000000000000000000100100001100001111
0000000000000000000000000000000000000000000000010001010110011111
0000000000000000000000000000000000000000000000100000111110011100
0000000000000000000000000000000000000000000000010011010010111001
0000000000000000000000000000000000000000000000010011010000011010
0000000000000000000000000000000000000000000000010000011011000011
0000000000000000000000000000000000000000000000010010111101110101
0000000000000000000000000000000000000000000000010000100111000111
0000000000000000000000000000000000000000000000010101011011010101
0000000000000000000000000000000000000000000000010000010011100011
0000000000000000000000000000000000000000000000011000101010110110
0000000000000000000000000000000000000000000000010101010111110100
0000000000000000000000000000000000000000000000010101010010101010
0000000000000000000000000000000000000000000000111110101010111101
0000000000000000000000000000000000000000000000010100001001101101
0000000000000000000000000000000000000000000000010000101010111111
0000000000000000000000000000000000000000000000100101100101101001
0000000000000000000000000000000000000000000000010010100011011111
0000000000000000000000000000000000000000000000010010001011000111
0000000000000000000000000000000000000000000000010011110100111111
0000000000000000000000000000000000000000000000101111101101011111
0000000000000000000000000000000000000000000000101111000010011101
0000000000000000000000000000000000000000000000010011010001010001
0000000000000000000000000000000000000000000000010000110010101111
0000000000000000000000000000000000000000000000100100101100001010
0000000000000000000000000000000000000000000000100011110011111010
0000000000000000000000000000000000000000000000010101000000111101
0000000000000000000000000000000000000000000000101000100100111000
0000000000000000000000000000000000000000000000110000111011111100
0000000000000000000000000000000000000000010000001111100100100000
0000000000000000000000000000000000000000000000010110010011000111
0000000000000000000000000000000000000000000000010000110111110010
0000000000000000000000000000000000000000000000110011000001100011
0000000000000000000000000000000000000000000000010100101010101110
0000000000000000000000000000000000000000000000010000100111000110
0000000000000000000000000000000000000000000000011001000100000001
0000000000000000000000000000000000000000000000010001001100001110
0000000000000000000000000000000000000000000000010000000110000001
0000000000000000000000000000000000000000000000010001110010010010
0000000000000000000000000000000000000000000000010011101101000101
0000000000000000000000000000000000000000000000100101101101110011
0000000000000000000000000000000000000000000000010111111000010111
0000000000000000000000000000000000000000000000010000000110011100
0000000000000000000000000000000000000000000001001001111000110110
0000000000000000000000000000000000000000000000011110100111011000
0000000000000000000000000000000000000000000000100000001000100110
0000000000000000000000000000000000000000000000010001100100101110
0000000000000000000000000000000000000000000000010110110110010010
0000000000000000000000000000000000000000000000100011100001011111
0000000000000000000000000000000000000000000000010100000001111100
0000000000000000000000000000000000000000000000101011101010110110
0000000000000000000000000000000000000000000000110100011010111111
0000000000000000000000000000000000000000000000100010001000000011
0000000000000000000000000000000000000000000000011101001100111010
0000000000000000000000000000000000000000000001000011001000010011
0000000000000000000000000000000000000000000000010010011010001110
0000000000000000000000000000000000000000000000010101111010110111
0000000000000000000000000000000000000000000000010000100001110010
0000000000000000000000000000000000000000000000010111011101001111
0000000000000000000000000000000000000000000000010000000101010011
0000000000000000000000000000000000000000000000010010010011011101
0000000000000000000000000000000000000000000000010101000110100011
0000000000000000000000000000000000000000000000010010100011000100
0000000000000000000000000000000000000000000000010011011010010100
0000000000000000000000000000000000000000000000010001000110101110
0000000000000000000000000000000000000000000000100001000110111110
0000000000000000000000000000000000000000000000010111101101001110
0000000000000000000000000000000000000000000000011101110001010100
0000000000000000000000000000000000000000000000011011010110000100
0000000000000000000000000000000000000000000000010000001101110001
0000000000000000000000000000000000000000000000010000001111001000
0000000000000000000000000000000000000000000000010101011010110001
0000000000000000000000000000000000000000000000100001100000000110
0000000000000000000000000000000000000000000000010010000011111110
0000000000000000000000000000000000000000000000011100100001001010
0000000000000000000000000000000000000000000000010111011001001010
0000000000000000000000000000000000000000000000010000101100010001
0000000000000000000000000000000000000000000000010000010011111001
0000000000000000000000000000000000000000000000010000111110010100
0000000000000000000000000000000000000000000000010110011010101100
0000000000000000000000000000000000000000000000010000000010111111
0000000000000000000000000000000000000000000000011111001111010011
0000000000000000000000000000000000000000000000010000011000001011
0000000000000000000000000000000000000000000000010010011001110110
0000000000000000000000000000000000000000000000010010001000011000
0000000000000000000000000000000000000000000000100010101100001101
0000000000000000000000000000000000000000000000011010110100100001
0000000000000000000000000000000000000000000000010010100110111101
0000000000000000000000000000000000000000000100001110110011001010
0000000000000000000000000000000000000000000011011011111000001000
0000000000000000000000000000000000000000000000010010001001011000
0000000000000000000000000000000000000000000001110010011000001101
0000000000000000000000000000000000000000000000010111111111010001
0000000000000000000000000000000000000000000000010011001001000000
0000000000000000000000000000000000000000000000111001000011111110
0000000000000000000000000000000000000000000000010001110011000010
0000000000000000000000000000000000000000000000010000011111000100
0000000000000000000000000000000000000000000011101100101011011010
0000000000000000000000000000000000000000000000010010010110111001
0000000000000000000000000000000000000000000000010100001001010110
0000000000000000000000000000000000000000000000010111110011011100
0000000000000000000000000000000000000000000000111001001110101011
0000000000000000000000000000000000000000000000010000111001100110
0000000000000000000000000000000000000000000000010001001110011000
0000000000000000000000000000000000000000000000010000001011001101
0000000000000000000000000000000000000000000000011001100111100101
0000000000000000000000000000000000000000000000010010101000110111
0000000000000000000000000000000000000000000000011100111010011110
0000000000000000000000000000000000000000000000011011000000001010
0000000000000000000000000000000000000000000000010111100001010110
0000000000000000000000000000000000000000000000010110011110010110
0000000000000000000000000000000000000000000000010010000010010001
0000000000000000000000000000000000000000000001010110100111110100
0000000000000000000000000000000000000000000000100000001000010000
0000000000000000000000000000000000000000000000101010111000011110
0000000000000000000000000000000000000000000000010001110110110100
0000000000000000000000000000000000000000000000010010001100001010
0000000000000000000000000000000000000000000000100011101111101000
0000000000000000000000000000000000000000000000010110011001111001
0000000000000000000000000000000000000000000000010010010001001101
0000000000000000000000000000000000000000000000010010000011111010
0000000000000000000000000000000000000000000000010101100001011010
0000000000000000000000000000000000000000000000010001010100110010
0000000000000000000000000000000000000000000000010001100110101010
0000000000000000000000000000000000000000000000100111101001001110
0000000000000000000000000000000000000000000000100000011101110101
0000000000000000000000000000000000000000000000010100111011111010
0000000000000000000000000000000000000000000000010100010101010100
0000000000000000000000000000000000000000000000010001011101000000
0000000000000000000000000000000000000000000000010101100000010110
0000000000000000000000000000000000000000000000010001100011010001
0000000000000000000000000000000000000000000000011000100001100111
0000000000000000000000000000000000000000000000010001100011111010
0000000000000000000000000000000000000000000000100010111001111100
0000000000000000000000000000000000000000000000010010000100000001
0000000000000000000000000000000000000000000000011101000100101110
0000000000000000000000000000000000000000000000010100000101101100
0000000000000000000000000000000000000000000000010001110101010000
0000000000000000000000000000000000000000000000010000101110010110
0000000000000000000000000000000000000000000000010111010111110001
0000000000000000000000000000000000000000000000010100010100110010
0000000000000000000000000000000000000000000000101010100111100000
0000000000000000000000000000000000000000000000010010111011000111
0000000000000000000000000000000000000000000000010001100110100000
0000000000000000000000000000000000000000000000101000101111111101
0000000000000000000000000000000000000000000000010001001100011100
0000000000000000000000000000000000000000000000010011110011011001
0000000000000000000000000000000000000000000000011000001110110000
0000000000000000000000000000000000000000000000010111001001111001
0000000000000000000000000000000000000000000000101001111011111010
0000000000000000000000000000000000000000000000011010101011101111
0000000000000000000000000000000000000000000000010011001101110101
0000000000000000000000000000000000000000000000100110110100100011
0000000000000000000000000000000000000000000000100011010101010101
0000000000000000000000000000000000000000000000010001000110100000
0000000000000000000000000000000000000000000000100001110010110000
0000000000000000000000000000000000000000000000100011011011000101
0000000000000000000000000000000000000000000000010010110110110000
0000000000000000000000000000000000000000000000101011100011100110
0000000000000000000000000000000000000000000000011111000100111000
0000000000000000000000000000000000000000000000010010101100110000
0000000000000000000000000000000000000000000000011000010011001011
0000000000000000000000000000000000000000000000010100001000011101
0000000000000000000000000000000000000000000000010000010101011100
0000000000000000000000000000000000000000000000010010010001010000
0000000000000000000000000000000000000000000000010011000011100100
0000000000000000000000000000000000000000000000110111000110111100
0000000000000000000000000000000000000000000000011111010011000010
0000000000000000000000000000000000000000000000010110100011011110
0000000000000000000000000000000000000000000000100110101101001110
0000000000000000000000000000000000000000000000010111000101100101
0000000000000000000000000000000000000000000000011100101001001001
0000000000000000000000000000000000000000000000100100110100101101
0000000000000000000000000000000000000000000000010010100000011001
0000000000000000000000000000000000000000000001011001000101000001
0000000000000000000000000000000000000000000000011110100100001001
0000000000000000000000000000000000000000000000010011010000100100
0000000000000000000000000000000000000000000000010000111000101101
0000000000000000000000000000000000000000000000010000111010000011
0000000000000000000000000000000000000000000000011001100000010111
0000000000000000000000000000000000000000000000010110010011000110
0000000000000000000000000000000000000000000000010111111101010110
0000000000000000000000000000000000000000000000010101100111011000
0000000000000000000000000000000000000000000000100010011011101100
0000000000000000000000000000000000000000000000010101011011100001
0000000000000000000000000000000000000000000000011001110111111010
0000000000000000000000000000000000000000000000011001101001111101
0000000000000000000000000000000000000000000000010111011010010110
0000000000000000000000000000000000000000000000111001001011110101
0000000000000000000000000000000000000000000000010000110010111111
0000000000000000000000000000000000000000000000010010011111100111
0000000000000000000000000000000000000000000000010000100100011001
0000000000000000000000000000000000000000000000010010100111110101
0000000000000000000000000000000000000000000000010010001000100110
0000000000000000000000000000000000000000000000010000110101000000
0000000000000000000000000000000000000000000000010001000001110100
0000000000000000000000000000000000000000000000010101011101011001
0000000000000000000000000000000000000000000000010101011100110000
0000000000000000000000000000000000000000000000010001000001001110
0000000000000000000000000000000000000000000000010000010000111010
0000000000000000000000000000000000000000000000100001100111000001
0000000000000000000000000000000000000000000000010111100111001010
0000000000000000000000000000000000000000000000011000010110110101
0000000000000000000000000000000000000000000000010100010010011110
0000000000000000000000000000000000000000000000010000000011111000
0000000000000000000000000000000000000000000000010001001111010000
0000000000000000000000000000000000000000000000101110101100110101
0000000000000000000000000000000000000000000000010100101000000101
0000000000000000000000000000000000000000000000010000111010010110
0000000000000000000000000000000000000000000000100111000101001111
0000000000000000000000000000000000000000000000011010100110001100
0000000000000000000000000000000000000000000000010101101101001101
0000000000000000000000000000000000000000000000010000000111111100
0000000000000000000000000000000000000000000000010000100111001111
0000000000000000000000000000000000000000000000100000001111110110
0000000000000000000000000000000000000000000000101011000111101110
0000000000000000000000000000000000000000000000100000100101000111
0000000000000000000000000000000000000000000000010011011010011111
0000000000000000000000000000000000000000000000010001001001100100
0000000000000000000000000000000000000000000000010111010100110111
0000000000000000000000000000000000000000000000010000110101100100
0000000000000000000000000000000000000000000000010101101110000111
0000000000000000000000000000000000000000000000010100111100100100
0000000000000000000000000000000000000000000000111110110111111000
0000000000000000000000000000000000000000000000011111001101110000
0000000000000000000000000000000000000000000000101010100000010100
0000000000000000000000000000000000000000000000010101111101001001
0000000000000000000000000000000000000000000000010100100111001000
0000000000000000000000000000000000000000000000011010100101110001
0000000000000000000000000000000000000000000000010011011001101110
0000000000000000000000000000000000000000000000010011010101001111
0000000000000000000000000000000000000000000000010000100101100101
0000000000000000000000000000000000000000000000010011101100110000
0000000000000000000000000000000000000000000000111000101100001111
0000000000000000000000000000000000000000000000011000101010101101
0000000000000000000000000000000000000000000000011011100110100010
0000000000000000000000000000000000000000000000010111110010010011
0000000000000000000000000000000000000000000000011010100000000000
0000000000000000000000000000000000000000000000011010111111101010
0000000000000000000000000000000000000000000000010101001111001111
0000000000000000000000000000000000000000000000010100110101100110
0000000000000000000000000000000000000000000000010011011000100010
0000000000000000000000000000000000000000000000011011000010100101
0000000000000000000000000000000000000000000000010010000010101001
0000000000000000000000000000000000000000000000101010001010111010
0000000000000000000000000000000000000000000000010010000111001111
0000000000000000000000000000000000000000000000010111000111111100
0000000000000000000000000000000000000000000000010111111110100010
0000000000000000000000000000000000000000000000010001000111010101
0000000000000000000000000000000000000000000000011001011010011000
0000000000000000000000000000000000000000000000100101000001110000
0000000000000000000000000000000000000000000000100111111000011101
0000000000000000000000000000000000000000000000010100001010010100
0000000000000000000000000000000000000000000000010001000110000000
0000000000000000000000000000000000000000000000011000000000000010
0000000000000000000000000000000000000000000000100001101011010010
0000000000000000000000000000000000000000000000011000010111011111
0000000000000000000000000000000000000000000000010010110100010001
0000000000000000000000000000000000000000000000010111100110110011
0000000000000000000000000000000000000000000000010001010110001110
0000000000000000000000000000000000000000000000011000001101100010
0000000000000000000000000000000000000000000000010100100000111000
0000000000000000000000000000000000000000000000011110111110001110
0000000000000000000000000000000000000000000000011001000000100001
0000000000000000000000000000000000000000000000010000001111001100
0000000000000000000000000000000000000000000000100001100000010010
0000000000000000000000000000000000000000000000011011111001101010
0000000000000000000000000000000000000000000000111010101000110110
0000000000000000000000000000000000000000000000010001110101100010
0000000000000000000000000000000000000000000000010000011001101101
0000000000000000000000000000000000000000000000010100110101110010
0000000000000000000000000000000000000000000000111110110110001010
0000000000000000000000000000000000000000000000101011101100011011
0000000000000000000000000000000000000000000000010111100001111000
0000000000000000000000000000000000000000000000010011010010110110
0000000000000000000000000000000000000000000000110001000101101011
0000000000000000000000000000000000000000000000010000011011101000
0000000000000000000000000000000000000000000000010111111101100100
0000000000000000000000000000000000000000000000100000110101111000
0000000000000000000000000000000000000000000000010100111100010001
0000000000000000000000000000000000000000000000010001011110101100
0000000000000000000000000000000000000000000000010010000110010110
0000000000000000000000000000000000000000000000010110010000011101
0000000000000000000000000000000000000000000000010001101000110000
0000000000000000000000000000000000000000000000010011000011100010
0000000000000000000000000000000000000000000000010010010001110000
0000000000000000000000000000000000000000000000101011100011110011
0000000000000000000000000000000000000000000000010001101100101111
0000000000000000000000000000000000000000000000100011011000000001
0000000000000000000000000000000000000000000000011001011000001101
0000000000000000000000000000000000000000000000011100001110111000
0000000000000000000000000000000000000000000000010000101101111100
0000000000000000000000000000000000000000000000011000011010000100
0000000000000000000000000000000000000000000000010001100010011011
0000000000000000000000000000000000000000000000010100100100001101
0000000000000000000000000000000000000000000001010010010110001101
0000000000000000000000000000000000000000000000010001111011000111
0000000000000000000000000000000000000000000000010001110010100001
0000000000000000000000000000000000000000000000011000101111011110
0000000000000000000000000000000000000000000000010010001110001011
0000000000000000000000000000000000000000000000011011011101110111
0000000000000000000000000000000000000000000000100100101011100010
0000000000000000000000000000000000000000000000010010110001110011
0000000000000000000000000000000000000000000000010001001001110011
0000000000000000000000000000000000000000000000010101000001110011
0000000000000000000000000000000000000000000000101000000000100101
0000000000000000000000000000000000000000000000010100010011011100
0000000000000000000000000000000000000000000000010001011000101110
0000000000000000000000000000000000000000000000011000101001011110
0000000000000000000000000000000000000000000000010000000011101010
0000000000000000000000000000000000000000000000010011001101111101
0000000000000000000000000000000000000000000000010001100001110011
0000000000000000000000000000000000000000000000010001010011101111
0000000000000000000000000000000000000000000000010010101011111100
0000000000000000000000000000000000000000000000010001011001001001
0000000000000000000000000000000000000000000001001100111101110010
0000000000000000000000000000000000000000000000010110101100011111
0000000000000000000000000000000000000000000000101010111100010101
0000000000000000000000000000000000000000000000010001101001101110
0000000000000000000000000000000000000000000000011110101111100001
0000000000000000000000000000000000000000000000010001100001001110
0000000000000000000000000000000000000000000000110011101100001010
0000000000000000000000000000000000000000000000010011100010011000
0000000000000000000000000000000000000000000000010011111011110011
0000000000000000000000000000000000000000000000010010011101111111
0000000000000000000000000000000000000000000000010010000101000001
0000000000000000000000000000000000000000000000011000111011111001
0000000000000000000000000000000000000000000000010001110001000111
0000000000000000000000000000000000000000000000011010110100100111
0000000000000000000000000000000000000000000000010110011100000101
0000000000000000000000000000000000000000000000010110100001101101
0000000000000000000000000000000000000000000000010110101101100101
0000000000000000000000000000000000000000000000010001100001110110
0000000000000000000000000000000000000000000000010010101000001111
0000000000000000000000000000000000000000000000011111100111111111
0000000000000000000000000000000000000000000000010110000001011110
0000000000000000000000000000000000000000000000010010100011110101
0000000000000000000000000000000000000000000000010100011110110001
0000000000000000000000000000000000000000000010100111010001101000
0000000000000000000000000000000000000000000000011000001000011110
0000000000000000000000000000000000000000000000010101011011011011
0000000000000000000000000000000000000000000000101110010101001110
0000000000000000000000000000000000000000000000010010011110000110
0000000000000000000000000000000000000000000000010010011110000010
0000000000000000000000000000000000000000000000011110010100001000
0000000000000000000000000000000000000000000001011011100001100011
0000000000000000000000000000000000000000000000010101000110010011
0000000000000000000000000000000000000000000000011010010110110011
0000000000000000000000000000000000000000000000011101110001111000
0000000000000000000000000000000000000000000000010001010110101100
0000000000000000000000000000000000000000000000011001101011101111
0000000000000000000000000000000000000000000000011101010100111000
0000000000000000000000000000000000000000000000010100111011011000
0000000000000000000000000000000000000000000000010011111111110111
0000000000000000000000000000000000000000000001001010011001011101
0000000000000000000000000000000000000000000000011011011010111001
0000000000000000000000000000000000000000000001101110000011100010
0000000000000000000000000000000000000000000000100010110011101111
0000000000000000000000000000000000000000000000011101011000001011
0000000000000000000000000000000000000000000000010111101010110101
0000000000000000000000000000000000000000000110001011111011010101
0000000000000000000000000000000000000000000000010000000000000111
0000000000000000000000000000000000000000000000010001010010110111
0000000000000000000000000000000000000000000000010100101101001000
0000000000000000000000000000000000000000000001000111100000000000
0000000000000000000000000000000000000000000000011001000011111000
0000000000000000000000000000000000000000000000010001100111001101
0000000000000000000000000000000000000000000000010001000101100111
0000000000000000000000000000000000000000000000010000111000000010
0000000000000000000000000000000000000000000000010010011010100110
0000000000000000000000000000000000000000000000010001111111110011
0000000000000000000000000000000000000000000000010111000000110011
0000000000000000000000000000000000000000000000010001110011001010
0000000000000000000000000000000000000000000000011001011001110001
0000000000000000000000000000000000000000000000100111110100010010
0000000000000000000000000000000000000000000001111111001010000011
0000000000000000000000000000000000000000000000010001101111100101
0000000000000000000000000000000000000000000000010110101000010110
0000000000000000000000000000000000000000000000010100110100011011
0000000000000000000000000000000000000000000000011000000111001011
