0000000000000000000000000000000000000000000000000000000000000000
0000000000000000000000000000000000000000000000000000000000000011
0000000000000000000000000000000000000000000000000000000000000111
0000000000000000000000000000000000000000000000000000000000111111
1000000000000000000000000000000000000000000000000000000000000000
1111100000000000000000000000000000000000000000000000000000000000
0000110000000000000000000000000000000000000000000000000000000000
1111111111111111111111111111111111111111111111111111111111111111
0000011001110001001000010001011100100111001010100111111000111111
0010101010101000010111000010001111111010110000100010111110011001
1000001101110100010101001110110110110110111010010111111010001011
1000111011111110000100110100010111110101100001101111110001101111
0101100011010110110101011011110100001010111101101010101000110000
0111110100101100001000010011100011001011100100000110100100010111
1010101100110011110000000010001011101111101010100011101100010111
1111100011110000010010011001011110011001001010111000101001100111
1000110000000000001000010000100010110101100011000100000100110010
1000110100111111001101110010110011000001001001010111111110101000
0100110010001111101001101101100011001010000000110001000010110100
1111010011101001101000100011100101000111010001011110001000011100
1011001011101101111111010011011001010010110101000000001110110011
1001011101000011101111010100010010001100011000001101100111011011
1001001110101010110101001000111011001110111101101000010001100010
0010100011010011101011010001100010100100111010010010100011010010
0010100001010001000100110110111010001101001011010100100001100011
1110111111101111010000011101101011011011101001001011101110010001
0011000001010101101110000100000010010100001000111110100011001110
0000001101100011110101110100000101111010011001110101001001010111
1000111001001000011001011010011110000010000001101000111101010011
1011101010000010111111011110111001000011010000001110110011010101
1111110011101111110101101010001001101000101011010000010010101111
1111100010001000101000110101110010001101100111111100100111000111
0111110110011101000001101101010111011101110000001110100000000011
0110011011000010011111100010110111010000100000101010111010101100
0011001101001010110100010010000111000110001010001000001011010101
0101000000101110001101110101111111001100010000101010001101111000
0110001010101101110100010010101100100011111001101111000100101011
1011001001011011001110010110111001111001111010000111100110100111
0101011011100010101011101100101101100001010110110000011101010110
0100010101001101101010111000001111011010001110000010110010011000
1111110000001110001001010011111110001010110000110100110010101001
1101111101111001010111001110000000110011110111110111010100101111
1010111100101001011010001000100110010011001011100010011010010011
0001110011111110001011001110101100110000101111010000010011011001
1011000000111010101111011010101011101101010110011101111000000110
0110100100101100011100110110111001111110111110111111000001100101
0001110011011001100011000000110101001000001011011100110010011100
0100000001010011111110101010001111111000101001010101111110101000
1001010110100110111110010000000000011000010100000111010000111011
0010100011110010010001111001100000110101001100000111011001111011
1001110000101100001001000001100101011110001001101100110101100110
1001110010111110000000000001011001010111010101001000010100010011
1010110100110100011101011101000001001100101110000011101011010110
1010100110001011011001000111000001110100000110111000011101010001
1000110111011010101101101010101111111011000000000111111011101100
0101101000000010001100111000011000100100100100010101100110111111
1110010000111110110011101100111100011110001000001100000101110000
1001101000100001101011001000001111001100000011010010011001101001
1101110011011010001010011111000000101101010000010000011000001011
0100010101001101011100100110011010111101110110010110111101010001
1001101001110010001100011010110000110111001001110110000101110011
1001110011011000000001110101011110001001010010100101000001011001
1001100010110011100010100100101101010101101100001101111010010111
1110000010011101000011000010000010001000011011011000100001111100
0000100111110011111000010101100010101010100011101010011101010111
0111111011111101111010000011001100101110001111101111100001011100
0111111100011000101001101000111000010110111101001111100011100110
0110011010010100111100100011011010100001100111101011111011011111
1111100111111001000110001001110110110100011000111111111100110101
1100000000001000100100011001100111101010111001011100100101110110
0111110110111001010011001111111010010000011001000011000011111010
0000110010111010100001011010110000010111011010011010010101011000
0000111101000101110010111000011001100101001000101111101110011101
0100000111111000100100100000001101011110001010001111110110111000
1110000110110100100001010001011101111011111111110110001111010111
1001011110101110010100101001101010011000001110001000011110100101
0100100000110000101001110100011100100100011000001101011110100101
0101000001000111111001111000101111101011101110011101111100100100
0111100011111010101101100000101011011100111111011011100110000011
0000110101011001010101110110010110011100101100100011101100001101
0101000110110111011100011011011101001101001110110111101011101001
1000011011110011100110010011010110101111011000111000110011011110
0110100000110010000011111111010101101110100010011000000110110111
1011101010011001100001111100110010001111110100001100101011011010
0111100010100010110011001010101110111100111001100110000100001000
1111011110001010010010001110011100110110001011110001000101000000
1000000011111111010101111110100011101100011001010101100011000010
1011010100101100101100010101110110100111111010010000110111100000
0101101101100111010000111100001000110100011011101000000010101011
1110111011111010100101101100001101000000010110110111011001000111
0111011010000000111101001111011100000010110100111001111100110101
1010011001000100011000110010100011000101011110101000110100011101
1100000100101010101010011111110001000110000000001110100000010101
1111111111010110001110011001111001100111011111001101011110000110
0011011100101110001011000111111111000011001110111010000110000100
0110001110110101011001011010001101111110010101010111011100100110
1010011101011110001010101000010111101111011010111001010010100011
1000111000101101111001101011101101001000010111000110101010100100
1010100110011101001100110101001110000011101101100001001110000001
0010001100001011111101011110000100011101011110101001001100000100
0010010010011001101100010111100111010001111000100101111000100010
1011100110011101111101010010100111101011100110111110001101100100
1010010101110110011010111101111100100010101101111101100111010011
0001111011001101101101111010101000000110000001001100010100110001
1011100000111011101010010001011011000110110011001011110001011000
0011000100100010101100101011000111001011011110011011001000001000
0111110000000010010011000010011011001011101100000001100010001100
0100010010111100010011000101100110100101000011011011100101110001
1000110110111100101000111111000010100011001010111010110001110010
0100111000000110000100110100011010100011101001000110010100101011
1110110101010111000100010100010101100011100011000011111011011001
0111010010100010111111001000100010101000011111101110111101100111
0111100111111000111000011010111001001000001101000010110110001101
0000011010100110111101010100101101010100110100011111000100110000
0110010001010100010001001100011101111011101111001001110000010010
1000100000010101010101001000010000110100010101100011010001011100
0011000011100100101111010101110110011111000101011011011001100110
1010010010011000110001100010001111110000011010010111010110010001
0101111111111101001111101100000110001101011001011110100101001111
1000100110011101001111001111000110000001101001100010001000011010
1100101010110111111001001001001110110101011100001110110101101101
1001000111111011001010011000001000011001101001101010001100111101
0010110001100011111100011001011111111110011001101001000110101110
1000111010000010110111011110001010101011011100011111110011110000
1011011011001010100011100101100111001110011111001100000111000110
1111100110111110011001001111100011000100010001000000011101101101
1101100100001100101111000110110011110111010010010001001101000011
1001110001011000011110011100100110110011011101101010110010100111
0100010001011010110011110010000011000011010100111000011101001000
0101100111001110110011000010010111110001101111000111011000010101
0000101011000100000001011101001010011010100011000111110011001010
1000000101010010000101111101000011010010100001010110110101110000
0010101000001100010100010100011100111000100110010011110110010111
1010001101111111001001100111000111011000001111100100011101000101
0010011011111000010110001101111000111001011101000100010111010011
0001011011101111010111111101110110001100010110110011010100011111
1011101111000001000000111100110110001010101101110000000111001101
1100010100110010010000001111000100111000001111000110011101011111
0001000000111110001101010001000100110100001111001000110010010100
0110001011100100000001000100110110111100110110111111000011111000
0000100001101101111111010110000110011010000011011101101111001011
0000101111100000101001010101110011010111011010011111010101111110
1000110110110110110101000011011101111010101110010000100001010000
0111100000001011111110110010111110010100000100101011001101000000
0000101101101101010111100101010110000111010010010011001111000001
0010001101100011111010100110010000100010111001011110110101111010
0110011000010110110111010001010111011110001011000110100100011110
1110100010000011001110011111011101010111010011100101101111101110
1000111011101001000100011000111101000100101001111111001001100000
0000110101101110101010011101111011001010010111001101011000101011
0111000111001101101011001110001110011110100000100010000010001100
0110001010101000000001111111111010101001011000011011000110001010
0100111100011000111011000100001010011100011010110011001011000110
1101010011000110001110000100011010011001111101111101101011101110
1100010111000101111100100101011001101010100111100101000101000011
1110101010101110000111010100010101001100011101101010101111010000
1000010111111111100011101111101110010010010011111111100101001110
0111100111010100001110010100001010010100111111011110011101110011
0000011100111110111011000010010100110111100011000000111001110001
0101011000011110111011100000010011101010011001001001010000010001
0011011011111001000001100111111001100111100010110110001011110000
1000001101110111000110101001011100100111001010000000011011001011
1101100011000111100110111111101100101011100010110001011010011011
0101100010100001011001110000111100000110011011110111000011111011
0110100010001100011010111111110101101101101101100000100100011101
0010101111001100011001101101110001101101100011001001111100110010
0100011101110111000000010100110101001011000011110011101110111001
0111011011001110111100011101101011100001001111111010100001100000
0000100110101111010000100010011010010010010001101110100101010010
0100010000101110111111000100000101000100100000001100000011101011
1111110010110010111010010110100101000111110111111001111111110110
1111011001110000000110101011100110110100001110000110001101101110
0111000010100010001011101111010000000111001000010110110000011000
0001000100011011001010011110010011010101000001110010001001111101
1000011000011011011111010000001001110001100111001000100001011001
1100011100100101101011111001010000111000100000101010000111001000
0111011000110000111010110001011001110100100100111010010010010000
0101010110101101000111110000100111000010101101110011011001011000
0110101001001100000011100010000101100011101011110011111000110110
1011000101100010000001101100110101011100010011011111111111111100
0101001011111010101001000101101001111101110010110100100111000100
1100101000011101100010101111111010101000101000111111110101001110
0100100100101100011101111001011101011100101010011111100110011100
1110101010001011001001101110100001001010011111110111011000011111
0110110110011001011000010101100101110010111010011010100001110011
1010011100100101110011000010101100100010101110100111000011000111
1011010001010111001101001011100110000011110000111110110101110011
0101100100110101000001011100111101111101111000001110111101011101
1000000001100110000011000101000000110101010111011111101111101011
0010010111100101101110100100001000101101011100001010011001000111
0100110101111100011111110110101100011001010010111010101001100101
1011001001111110011011001110110110100111101111000010010111111110
0011001011100111100101000100101000100010000001001111101111110001
1001011001001001101000100000011101101000101111010000110010100011
1011100000010100000101000000111000110011100110101111010111100011
0000100010001111101101010110110101000100001001110010001110101110
1110011001010011011010001100101101001011010000110110100110011011
1000101011110110111011110101101011111100011101010011001110010110
0111001101100111000000000000111000001100010101001100111001011110
0011010001000101010010000101000101101111010010111111111001111111
1001110110001111001001111011100100011111001110010000100111101100
0011011110000110001100010001000110110000000001011001111100000011
0011000110110000011111011100011111011111111110101110100101110001
1010011111110111101000011011001100001000110101101111111110101110
1000010110010110010011111110011110110110011010011000000101110001
1001110111101111101101001000001101001110010110000101111110001110
0000010011011110111010110000111010001001110101101101100001110100
0000101111000111011010000001000001100110000111011110101111001101
1011110001101010101100010010010101111000101100111111100110100000
0001001000101101110010101111000001101101101011001001100000101110
0110101100001100111100110000111110011101101001000101010001100000
0111101010111000010010111001000000110111100100101010000100101100
0110001000010000001000110001010000111101101001011111000111110111
0011000000001111101010010101101111011001101100101000110011111010
0001100011010101000000010001001111010101001001000010101010111101
1101101000010000101111100011110110011010110010111101101000110010
0111101111000110000101101010000110111110001110001111110001100000
1100001010010111111011011010110011010101111001010110100111101000
1111100110000001011010010000101001001010001111011111110101100001
1101110100001011000101010011010011001000000110001111110001111001
0110101000000010010110110111110111001011000001001010111010110001
0100000011010101010011111100111100011011110010101010101011110001
1101110010000110110011111011100010000010000011111010111001111011
0100100101111000000100011001110100011110001011100110011110010101
0001111011010000011010110010011010110100000010100110110111110110
0111001001011111111011110011100001100100111011110110001000100001
1011101000111111011101000111011100100101101001111010000011001001
1001000111111000000001010011110000100111001100110001000000111010
0000001110111111111101000000001010010000101001101110100000110001
0111110000001100111001001111111011011101001001011111100111010111
0110101110011011001101011001100111100011001100110101011111010101
0011010111100111001000110100100001100111010011111011111010100110
1111101111101001000110001000100110111101111000001000000011010001
1010111110111000110001111110110011101000111010111110101100101111
0111000110101010110100110010011111011100111010100110110111100000
1001111110010010011100101101101010010001100110101001100100001100
1101010111000111011010011100011010101101100011001011010100000011
0010010101010111010001000011001100001010101010100111100111101000
1100011010100010010110110000000001000100100011010000010110100001
0100011101010100010010010111010111101101010110001010011110001001
1011011110100000110111000111011101011011001001011101111110100000
1100110111010110110010011101110011001100000000100110001001000011
1000111100001101111101101011010000110000101100011000110000101101
1101010010111011001100000101111000101111111101001001101111111010
1001110011111011011001101011100110000100110001010101101111110000
0011110111000111010111111001110011001111010100101111000110001000
0000010110101110100110001100010111101110010000100110011101111100
1010001111000111101001011001110011001110001001000111010111111100
1000111110011001111011111001110111100110010000111001000001110101
0011100001000011111010001101110110000110000010100111011101101100
0111111100000110001100100110010000001010101101111001111110101001
1110111111111111000111101000000110101010001100011101101010010011
1111101000010101000111011010001010000010101001111100010000110110
0011000110000001001001110001100011010111001001110011110100100000
1010010110011000101000000000010011110010100011110111111000101110
1111011000111101001111001111110111011110100011001010000010101101
0101010011101100100011110000101110010010101111010001100010000000
1110100011111101001111101011001101001001000101100010011110010010
1000110010101001000000000110101111001110011011001110000101111110
0001101101111110010100111100111010111010000010111111000000111001
1000000100011011011010011001110001110100110001111011001100010101
0000101111001111011100110101111101001011010100101001011110000101
0001000010000010111011111110001101001100010101101011001010010100
1110101111011111101011001011000011100100011111000110000110110101
0000111101011111110110100100000101100110111011010100101101011011
1000000010100111100011110000100100111011100010100101011100101011
0000111111010011100011001111010000001001000011111111001001001110
1111110001001001011110010100101100001111110001010111101111001100
0010000010110100010111010101100111000001000000110100111101000011
1011010110000000101001111011000110110110011110100010011111011001
1010111100110111110100100010000111110000001000110011000110101011
1101100011101100100101110001001111111001010100010010110011001010
0100000010000010111000110100110001000000100110100000111110001110
1100000110011001001100010100010001101010011010111011111001001111
1001011010100010001110001001011010101110010110100000100110010011
1101110010000010001001111110010000000011010100101111001010011110
1001000010101100111000000001111011001000000011101010010001101110
1111001100110110011011100001011100100010010100000110101010000100
0010110110110101111111101010100000101010001011010110010000101010
0100010101000001011110000001101000100111001011000100100000001000
1101010111100000111100110011011100001100011101011110111101001000
1010011110001001110010110101101011111000000000100111011010111101
1110001001010101110111101100110101110111001111010010001010011011
1100010111111010011001000101000010100001101010001000101010000110
0101010000110000000111001101101111111110001111010111111010100011
1011101101010100001000110011100111110011000011100000011100101111
0100011011011111110110110000001110111010010010011101101101010010
1011111010101110101100000111110010011111001101001101111101010101
0101111111101110110101100100110101000000110101100010010101001101
0100100100100010010111010011011000010100101010001011000000111000
1101100100110001100110110110010000001110001001101110101101101000
0001000100101010011101110000111001011100111010101101110000011000
0011000100101101001101000011100000011011010101100010101110101000
1100011001001000111111011011011111100001011001000001001010110001
1001010010101100011011001000100011101000011101011100111111110010
0010111011010101010010100110111001000001001010101111101010111101
1011000101110110111001000001001100010101110110110110000111011101
0100111111010001110001000110100101111010010011110101001100101101
0110100010010010100000000001111111011000100000000010001010110110
1110101100110000110010001000001001011100101010110000010001110000
1010100000101110011110100100011111100011111010011100001000010101
0011110110110101100101001010001100110011011010011100011110010110
0100010100011010110001010010000100000111000001000011111100101000
0001110000010010110101011100110001110001111111100010001101010111
1010000101101010111010111001001000111110111011001001000110011100
0101101010001010011101010001101110101011001101111100011100111000
0011010000000000001111011011000100010011001010001110111100101011
1011000110001001001101000111011110111010100000000001010100000000
0100110001111101000011001111000110001111000000111011011000010100
1101111010100010110000100101010011001000111100100110011000000011
0010011010101011001010001100011100101000100111111011000111101010
0010000010011101001001101011100000111010110000010001010001001011
1010000111001110010011111010011001101101111000011001100000001011
0000100110000010011101101000001110010100111110010101001101000101
1000001110011000111001000101100111011100111100001111011110100100
1011001111011001010100001101100010010011110111110000110100110111
1001101101011100100001010100000001110001010100101010111001110011
1111100001100101101110101010110110000011011100000110111110001000
1001110001011000010110101110110000111011111110000110001110110100
0110110000000110100001110101000111101100100111101011011001100111
1111111101101011010111011100011010101100010011110001111001100011
0000011001101011000011001000010011010110000110111010001110011110
1001110100010001111110011000101101101111110000101110100100100101
1110110010001001011001110001001110001011110111111001000100010010
1000110111111010110011101001111010011000100001100010010100101101
1010111011001110111001111101010010000011100011110000100101001001
0011001111111111101100000101100110000111100011000101101110110000
0100101101110100101010011010100011001110010001001100001110111011
1000101101110001110011101001111011010001110111101100110000000100
0101111111110101000001101111101100000101000110001111110111111101
1011100111110011000111001001000000110001011110010100011010010010
1001011111001101010111000011101111000100010000101101100111010011
1111010001010100100110000011001111010100000111111101001001100101
1101001001000001101001100100101011110010111101000011111101110000
1010100101001101111111000111010010111000101111111001101010100100
1001111010000110000100101000111001000101011110010111110111111110
0000010101001111101101111101100100111111011010100110111110011001
1010011100000010100010000000001111101100100010100001000101110110
1011110101110100101111001000001000101011101011010110010101110011
1011101110110100110010010101001010001110110001111000110101100001
1101110101111000000010111111110101000100001101011001110110010111
0110011101000001010001010100111010000110010011110110110110100100
0110111001110101001100110110111011010110010000010101100111000000
0011000000011011111011100111111111111001000001111010000000101011
0100110100111100100010000101111000111001000000110111010101010100
1000000011111100101010111100100010011011101100011111001001010000
1100101010010100011100100101111110011010011101000100011001011001
0101010010100111001000010010111111111111011001110110001001100001
1001001001111100011111000110100010001101000011000001100110111011
0010100010101000001000100001110110001011011111111111000010111001
1101000010110000101010110000100111100110000111100101010011001101
0100010110100100110010001111010001001101111011011001010011010110
0111001110101111111110101100101000011111111010101110011110101110
0110011100000001111111101001111111110011010011001111110001100101
1101100100001101110001111100011110001011010010111011000110110111
1101000010010101000101100111110111011001000000100010011010010110
1111001011010111011000001111010011100001011001000001100001001100
0101011110100110011000010001011010101111111010100111111110001101
1100101011110001000110110001001111100011101001110111100110000011
1100111001011001001110111111000001000011111011010001110100001000
1100001110110010110010100001111101010100101011001101101010010001
1011100101011011100001101111000101110101101101001110001001110111
0100101100110110010011011101011000101001001100010110011000100000
0000101110110111001000000010110011000010111100100100111111110011
1110101101010010010101111010000101000000001110100000111000010101
1111101110000010001100010110000011010000001001111101110010101000
1010110101100100001010001100111010010011111001010111010010000110
1010001011001101110101101011100100000111010000001100101100110001
0100010010111011111100100101000111010001110110000100100101011001
0110101010101111011110111011100100001001000110000101010010111110
1011110011111001011111011101111011011000110011010100010001111011
1000110011101111111001010001111000011011010101001000101101100111
1010111010101100110101110110010010111000101011010000000011101010
0000100011011010001110110101111110100000001001000101001001110110
0110000001011000111011001111010000000111100111011011001001110110
1101101111001010000100111101111110010010111000110011001110110011
0110111101001101011010000101010101101110011100010000110100110110
0001011011000011010011101001011100000010100110010001110000000011
1001010101000010001100001101001000001111010001111110111001011100
0101010100011101100100110000101000010101101010000110111110010101
0100101001111000011110001110000100000000100001110110111011100101
0101010011101010110110010111000011010110110111001011011101001010
0011010010111100111100110001000000011000110011100010010001010010
1001111011011101110101000111010000010011111100101110101100010001
0110111011010001011001110101000011111010101001001011000101100101
0110101011011000100010110110100101100001001010010010011010011001
1010111001101100001011010000011011111111110100000010100111010111
0001000110110110011101000001100110001111010111110001010001111110
1011001010010010101001011100111011110010110001011101000111110110
1000010111001100111100001001000001011011000101110100011101011111
0111011101110110000001001110000101110111001111000110001100110101
0000100110110111111001001111000101100001100110111110010010000111
1011001010100111100011001101100101111010110111000111000111000110
0010001110100001001000010101011010111101001011001100101111101101
1111011101000100111101110100110111110000110111011101101110100011
1000010010101011011000000101011110011010000101010110010011001001
1000001110011001010000111001110010110100001000001101000010101001
1000000100010011000101100111110111010011010111110000011100110110
0000101100111110100101110110000011100010011011010111000010111000
1010100001000001110001001101001010100111001001010100101111001001
0001011010111010001010111101011001100111011100100010111111000010
0101110011110111000011000000111001110101001111111011111000110111
1011011001011110100101100000001110111001110001111001001110001010
1111011110001110111000010100100100101001011101111001011011111110
1010110001010000011011001011111011010000001011111010100000001011
0010010111000111110010100111110000101100101100111010001010001111
0010001000111100101001110000010001101111011001011110010100010111
0011010110110101011100010011110000001001110001010011000000101001
0100101011001001101110101110100110110001001010101111110101001001
0011010011000001110010111001000100101111000110000111001010100111
1110111110010110010001010111010000001100001110011001010010101001
0011011101100001000100000100111110000001000010110100101011100110
0101111100101001000000011010101011000101011101110100000011010111
0001000111100111011101000100110000100010100010011111000101010101
1011000001011001100110001110011111010010100000110110001000111011
0101000111001111111100100100110001111111010110011011011101110101
0111110111101000111010011111100000110101101101001111111000001101
0000010110100010110010100101010100011010110010101000010010101111
1111110001001000100001101111001111111110100100111111001101111001
0001011011111111011100010111111001000101001000100001000000011100
1111000111101001100000111001010010011011001010010100001111110101
0010011000100101111010010010000010111111100010001110010101101110
0100011001001010110000000001011010110111101010010010110010000001
0000100110110010100100001000101010111001000101010011001010101000
1011110101001001101011000011101110010000011110111011101101101110
1101111011010110100000000101010100010110011001011110000000101011
0010100001110100011011011101100110111111101011101011011010110000
1000101110011100010100111000100111011111001100011100001110110010
1101100110001110000110100101000001101000101110000000111000001001
0001010110100100111101011100010001011110100101110000010010010100
0010100111001101001111001100110010011001000100110001111110011011
1010000110110111001101000111010110000000110111111100011101010110
1110111100101011100011011000010111111001010010111101010111001100
1111010111111110101100110010001100010101001011101111000011101111
1010110001110000110011101010001101011111100101110100110010010001
0011010111101110110101011100110000000001000010111110011110010111
1100100001101100000100001011110000100100111110100000001111110010
1010101111011110010111110111101000010001110110110110000101100011
0011101100010001100011110000010100001001110010111100101000110111
0001111000101100110101111001100100000000111110001011110001100001
0011101111001111001110011100011010000100000101100011101110010010
1100101110111100110101011010111111101100010000110000001001000001
0001011010000011100001010010100001000001010100001011000010001110
0100101101001110011001011111111100011101101111110001110110110100
0111100111101110011010000001111010110110100111110010010111101100
1100010110110000011110011100100011011100011110000110010010110000
1001011000000000010111111111001100010100000100001110101001010010
0101000000100001100000101111011110101101011011101011110000110000
0111011010000010101010000100000110110010011111011111001100100000
1010000100000010011101100010011001110110010100001011001001011001
0100101110100100111101110111111011001101010110001001101110001010
1010000010111100111101110100001100010010000011101011001011101111
1000000110100001010101000000100011010011110101100011110111110010
1000111110011011100001111111001001010000001000110100111010001101
1000110011010011000101000011110111100110111111101100010001000111
1101010110011000100111101011010111110011110111100001001001111101
1110011010000110110011110110110001011110011100010110110110111101
0101111001011111101011111110001101001001111101010101011110010010
0010011011100101010110110111010100010010101011001001001110100110
1011011011001001010001011001110010110011011100010000111111010001
1011100000011101011011010111101110001101010000000000100111010010
0001111110010010101111001101110001100110000001101101001101111100
0111100100011010100011101100010011010100100100111101100110101010
1101000101001011110110101101101001000101000011100110011110001100
1010001101101010011000111111010110011110100001110110011010001000
1111100110000100011010101011000010101101001100010110010101000000
1110100001011111000011011100101010000111110110001010000100110000
1110110100111010101000001111000100011001101100110100011001110110
0111000010000000011010000110000101100100110010110010101110001110
1100010110101100000011100010001111001000101110001010011001011100
1000000011110100000100011100110011010011000000101110011100110110
1111100000001000101100101011001000001010011010011011001011110010
0110001100110000100111110100110111000000001011110000100111000110
1001010011110110011111011100101011011100100000010001010010010110
0011000110100111001001100100101110110011010001110101100101001101
1100110000000010000011110100111111101101111111001100100001001111
1111001100001110000011110010010111010000001000111101000100100000
0100000011001011110011111100011000100001100011110100000111010001
0001011000001100100110001111101101001000111010101011011110110110
0101111111010110000000110000100001001010100100011101101001101100
0001011001011000011110110001011111001101001101000111001100001001
1010101111100000110010001010101011100010111111111101000101110100
1000000100011001001010111110100100001110011001001001010110100000
1010011110111001101101110111110011011011011001001101111100101011
0110011111100001011000100011010000110010100000011000011000101011
1001110111011001001001100001001010010110011000111000100010101111
1001001100001001011101101100110100001010001100101110001001110010
1001100010011000111010100011000100011100010110101111101001010100
1000001100100110111010001100110100000110110011010100101111111000
1101100011000111110101110110110100011111101101111110100001111111
1110011000001010100000010000010001000000010011001011000011011110
1000100101000010001001000110000001110101101011101111101000010001
0111011001100001011101100100000001111011111001101100111011000001
0011101000110001100000010000100011011110111110111110010000011111
1100001000011011010010101011001011110011110101000010001000001010
0110101110011010001010100010101001110001011111001010000111011011
1001011011111010001100001111110000101001010011011000001001111101
0000110111111101000111100111100110100001011101100100110100010100
0110110110010101111111101001000001000100011010110000010111111100
1100011101110110101010011000111100100110100101001100100111011100
0110100101010000000011110001110011000100110101111111101000110111
1011101110111110011010011001001010111101111010100000001011001010
0111000001010111001000000000111010100110110010111101110011010011
0010110111110000000011011110010110011000101100101101111110011111
1000011000101000101111110000101001100100101011100011101100111000
0000000111110100001011100000000100001011001101111000001100111001
0010011010110010001010101111011011101001001110001111100110100011
1010101001010101101110101011110010110011011110111110010110110101
0100101111111001110111111011111010011010101001111001101110111010
1111010110011011100111100010011000101100110000011111101000011001
0111100011001001000011111101110010101101110001001011011111101110
1101010000010010100011101111011001111001100110010101101001111001
0111110101001100101000000110010010100001001101110010110101010010
0101011000010000111111110110010110001011010101000100100101010110
1011110011101100000011101000100110101101111000101001010110010001
0001110101101001100111110111110010000011001001101100010000111011
1111001001000011001101100011100111110001010011100000011100101000
1100111001001100010011100011111101000000111111101010011111001101
0000111110110110111101110000011000111001110100101001110001111110
0010010000111111001110000011101100100011100101001000111111101000
1110000111111111011011001100111001100010111001101110001111011000
1011000010010110110111110011011010100110111111101100000001101111
0110001001111100001001101111000100100010001011111100010100101000
0010100100011011011001110110100110100010001100010001101101001000
1001011110111011001001000001101110010100001110011000110000000001
1001000001100011101001000111001101010010111000100100111100010000
0010001101110011001100001101011100001011100100101000100100001111
1010010111000010100111111101000010100011110101011111000111011010
1001101101100001000101011010111101100001101101000100000000100001
1001000010111010001100000011111011111111110110110110101110000100
0011101000011010111000010000110001000110010010111111101001010101
0111010101010011111100010001011101000010001010101111101111110011
1111100100101010001101110111110011110101000110111001010111010001
1011011011111011100101010001001011000111100000011100001000000101
0101100011110011011001011000110110011000000101110010110010011011
1000110000101010111101001110001001110110101000001011011101010010
0101110010001010110110110011010011000111001111110101000100111111
1000001100010000100000001110101101111101010100010111001011011011
0011000011101011011001000100101011100101010010111010011000111100
0011100000100000100000000010110010001100111001000001011101010100
0011001111010100010011100110111001110001100111011110100000111011
1110000011001001010001000111001010011011100001000001001111110100
0000000001011010011010111010101001110100011110101101011011001011
0100011100001110001111011000100100011100011111100100101100110011
1100011010000110010010010000101111111011100101110010000100101100
0010001110111110100111000011011111011000101010100101010000011000
0010101000000101001000100011110110000010110110111011111110111111
0011000111111110110100000110011100101100111101110101010111011100
0110101001101111111000110101000101001011010101110001010111101110
1010100000110011000010000110000000011011001010000000000110100001
0101000010110100100001110011010100001010011001100111010000100001
0111100110011001011010101000101001111110100101010010010011110011
0110111100110011010011101000101011011001100111101010111111000001
1000110010101111101110111100001101010000101101101000011001001101
1000010101010101100010101010110011110101001110010110010011101010
0001100100000101101111110100110010110011110101011001011000101110
1111010101100001110110111110111101101110110010101100101101110110
1100011101101101001000010100100011110011101000101001110000110100
0100010111010111111110010110001001010110010000011111100111110001
0000111000111001010100010001100100100010111101001110011010010010
0101000101110001011011111100100010001111011010111101001101101001
0011000100000110010010111110001110100010001001001111110110010000
1100100111100101001111101011010000101000000111000101111111111111
0100001110001100000001010000010011001101111101000111010011101010
0000011110110000101100111011011000000100000000010111010100011110
0000101111000100011001011000101111001100111100011111100100000001
1001001100010011000100110010010000001000001111110111011111000111
1110111111011011110010011101000110000011101011101011110001101100
0011010011010110010110111011100101011111001011101000010011111111
0000110010100000111111100110000011001000011111010001100011111011
1101110101000011110001111100100100001111111110111111011111100001
1000101101010111001100101001000101010110101110001100111100100001
0000101111100000101010000110000101000011100110100101100000100011
0111001001010001111110000001011111111111001000100101011100010111
1000100000001101010100110110010001111010111010110000110000010011
1100111101010110110000101001101001100111111100111001100000100111
1001110101111100001011001011001110110110000001111101011101110101
1100101010000101001110101000010111001001010101101110011111000100
1011111011011100101110000001110100110010010111110111010010111000
1110010000111011001001001111001010001100010111101000110110110000
1010000100011000001100011101001101111001110010100010000110100101
1010100011011100010101101111100100000001010111000010001011100101
1110000010001011010101110010111011110110000110000111101011100011
0101110110011101001011010100011100101010111111111011101111100001
1000010000000010100000010101101011100001101000100000011110110110
1111101010110100100110001101111011110101101111001001010001110011
0011011011111001100001001111111100101000000110011111001100011011
0111000001010110110100011111111011101001010001000101100001000110
0101001000100011101100101101001110000011100110111001111100010111
0000110111010011101001101110110001100101101011100100111011101011
0101110101110010010101110111100110110010111010001000101110111101
1110001110110110011010000111100001010000110101101110101101111100
0000000111011010111100010010001011001001110000001101010110101101
1100001011110101100110100000101011000001010110110100111111000011
1110001001110110010010001100001001000111101101010111011001110010
0010011011010010101110000010101111000110110010000001011010100000
1100001000001001110011101000111110100111111100000100000100000010
0001001110100010101000010011010111010010000001011010001111110111
0011001001111001010000001110101011100000100111010011111111110110
0001010001100000011011010101001010110000011111000001111101001010
1101100101001011011100010010010101101101111001110110100100011101
0101111110000000001101110110011101000010111011110010001101111010
0000000001001000100000111011001001100001100011000100101011111000
1100001001110110000001010000110000111001111001000011001101010110
1100100000011000010000101100000110110111000100010001010100110111
0011111111001111100000100011010011110101100100111001111111111111
0010111101111000101010110000110000000001011010000001001110001011
0111101100011001011000100010001011011000001101001101001100100111
1110101011111111000001110101101101111111011101000010110111100100
1010000110100101111100110001011010011101000000111111100100010110
0011100110111010110001001000001100111010100101011001100001110001
1000001011111011010110001011111111110001100100000100011010001001
0001000110001111100011111110001111110111011111110011010111111101
1010011111001110111101011100100101011001010001100001100111000010
0100011100111000011010010100000000000001000100000111001101010100
1000100011111111100001011000000000101011001000010010010110010111
0101100100000001110011100100010111101111001111101001001101010110
0110100011110001101001100000100000000111010000001110111111111011
0110011110011111001101000000101110100001100100011000011010101111
0101001010100100000011101011010001011110101001110000101101000110
0011001000001000111000000000010011001000110110100110011110001010
1101100110101100010011100011111010101000101000100101000111000010
0011110001000100110011100110101101000011010101000011110111111001
1011000000000110010111001000000100101110000000110010100000001000
1011000010111100101011100010001110110010100101100100001110101010
1111001011111101100111011100011111101011111011110100011101100010
1011011000110000010011001011000101001001111001111001110010011011
1110110110000001010011111011011110000000111011101100001001110000
1000111010111110011001100010011111001101100101010101000110100010
1111011001111111110101010111011010111000010101011111110001100111
0110101110101111011101011000011000100000010011010011000000100110
1000111101111001111000110101100111000000011111001110001001111110
1001000010010000101000011101111111011000110100011000100000101010
0001000010101111100000101100011101101001001101011110100010101110
1010000101100001011100001110100010000111000010111110110111101101
1110101111001000010011010001000100111101101011101010001110100000
0010111001100010011110011000100110110100100001010110101010000100
1011111001011100110100010000011100010110011111110001011101110010
1100011001101011110110100101000110100011011101101011101100010010
1010011010110001101010111100111100111110001110101010110100110000
0001110011001010010100011000010111000001110100000110110011111110
0001110110011110100001000010100000100011101001001000010011100111
1011000001111101111100100011100110101001101001010001111011110100
1110100001100101101110001011110100110110100101101110011111010110
0011000010101111000000111010111110000010101011111100000100101000
0011001100011010001110100011110001110010100110101010110010101101
1001010001100101000111000010110000000001000001100111001110101101
0010011111001110000001111001110000100010101010010100011000010010
0001101101011101101010110111110010110011011001000100010110010100
0000000000001111100001100011100010110100110011010111001011011001
1000001111001101000111011110100101001101001110111011001100111111
1110011000111010100001001101101110100101000101010000001110100000
0001100100101100001000001010010101110000000011100010001010111101
1001100101101101010000001011110010110010101111100000111101100100
1110110110000011000011101000110001000000000111011001001101010000
0110100001010101001010001011100100000100010010110000101111000000
1101110111000000110101111001111001001011001111010111110011110010
1111110100000011011110111111001101011011110100001101111100001011
1100111100101100011000110110010101101110111101011001100100100010
1010100011001010011001001110110011111100000001101011111000110100
0010111000010010010100011110101000000001001011000010101001001001
0111001011101010110100111110011100111010100110001111110011111111
1111110011001111100111001110110000111011100111010100101000000110
0000110000000001000010100111110000001000010101101100100000010011
0100010111101011011100010111111000000100000000110001000010011111
0011111101110111010011110010111000001000100010101100100111100101
1101010000110011001110001111000111110101010100100000101101100111
0111110110001001010000110001101011111001011001000001000001000011
0011001111101111001110000001000001111100001101011100111011100010
1010001101010111100010010000000111100101110010110000010000101100
0010001001011101100001100110011011000101110001111100100111111100
0001011111011001001001001101100010110001110100111101000101100101
0011100001000110011001000110101101100111011111111001110001100101
0100110011011010010010101011111101101101111000010011111111000111
0000111010001010111110101100110101111101110101001111110110010101
1100000101011101100010100001100110100100110011010110110001111001
1000100001100101111010010010000110001001001111100000101011100100
1110111111101000001101100111010101000111011101010110111001001100
0111011100011011010111111110010001111011101111010100010101010011
1111110101011101011010111010011100010011110010001001010100011010
1100001110011011000000001100110110010111100100010010001100010101
1001001100101010111101000011011011011101101100111100100011110101
1011111001111111001110101101111010000111011101001111101100111111
1010110111101101101100001111100011011101010111100000001100010010
1101111111111101111011010010110110011110011111111101111110101110
0011101111001000110100000111111101111000101111101011111101010001
0111010010011100001100001110110100000011110101100010100110101110
0100100111110001101010001110100000010011000101100010000101100101
0101011110100101001001111010001111100101100001111101101110100110
1111100101000000010011101001010100011010110100110000100101010110
1111100010011000111110110101010100101001010111101101101111111111
1000111011011011111000110111010010000110110101101010001000011110
0011101001100100001001101110000000001000100000111100001101110001
1100100011100010011110101100001001111110011011111111001001100100
0101000010010100111000110100000101011101111100001111011001110110
0111011111000001110100001110011101011100100000101000101100110010
1110101100111001001111011001001010111111101010111111100101001101
1111011001010110001101101011000100000001000101000011001111110100
1110001101111000110011010101000010000101001001011110101011110111
1000001001101001111011011100111111010100111011000101010100010110
1111111010000011001101100110001101110111011000101111100110011110
0100001100100111110001011011101111011010010100001111100010011000
1111010001010010111111010110000010111011110100101100001001101000
1100000101111100111110001000011100101101001111000000110101111110
1100011101011011011100110111010011001001000011100101110111001000
0011011001110100111100110000010011111111111111101111011011011110
0101101100011010111001010010011011101101110110100010100010011001
1011110101000001001101101010010101001100010110111100110001111010
0000000011100100110010001000001100110001101010111110101000110010
0000000101011011000001100011110010110010100110011101110111110000
1100011100000100011001000110111101100101110011011110000001001110
0000010100000010011011011010100110000101111000111111001101001000
0111000111100010011110011010010000000101101111001111110101110011
1011001011100000110100100111011111010101101011101101111011010011
0001010000100000100011101011001000100100101111011000001010101010
1100111011100110110011010101111110110011101001110101110100001001
1111000100100100010111111111000001111011001000001100101100011111
0000000100101011100000010001010011010101111110001111101111100010
1100001001110110100001111110101101011100010000100111101101111011
1010000101111000100110000011101110110110001111110011010011111000
0111001110101001000011111101001100010011101011101001001111110010
0001010000000010011111101011100010000011110101001011001000011001
1110010101110101011010001010000110001000001100101111011110010011
1101110011100100011000001011110111111100100000011011010000001010
1111101001111100001100111011111011101001011110110001010011011011
0110001111011010110001000111110011000011100101111111010111110110
1011110010100101110111100101110111010110101001101011010010000000
0100111001100100100000001001100110011000101110101000001001011101
0101100111100001101100011001010110010010100011010001001000101110
0111011001110100111111100110010011010111011000100001111101000111
1000000111000000100000100110101000010001110010111100101001001100
1100100101111001111001110100000011010111101010000111000000100100
0000100010111011111100111001010110000110100001010000011011011010
0011111101111100100101000111011010111100010110111110010101000001
0010001110100011011111101011001001111110111111111000100101110100
1100110110001000100001011001101101010001000111111100100101100001
1100011000010000110101001001101100011110101110110010110100011111
0011001101001011010110001001010010000100000100100000010001001011
1000001010001110100110110011110011011000010101101000011011011000
1100010001011100010000110000000001001001000110101010010000110010
1100100011100111110100010000110011101100111111001100100000110100
1000110101111011110010100010011111000100111001101010111011001011
1101101001010111101100011010001010100110101111110010110000010010
1101001101111000000111011000001110000011011101101111111110000110
0010100110110010110011000101011001001010110001010010110001110101
0011111000101100110111110100111100001111100110111010001011110100
1001010110000100000110111110001011001101101001111110100110100101
1001111010000011110111010010010100010000000111101100000110010010
1101011100100100111100001010011000110010010011100101111100010011
1000110110110011111000110011000101000010001110001111111111110010
1101010011000000010110010100011101010111101111011001010011111111
0110110011110100101010010000001000101110000001001111101110011110
1101010010000010010000001001001010010111110010110001100110110001
0011010111001001111100000010000000011100001001100001010010100001
1100100011011101110001001111111111001011110001010001100010110010
0100110110000111110011100001001100101101011110101101011111101101
1010001001100100001000010101010000011101100100100010010111001000
1100111000011001010001101110111001001000100110101010000110101000
1110101001001110100110011011011001000101100011110101000000001011
0111011111111010111101010100111111111011111011000111101101100110
1001111010100101011100100100001101111110111110110001010110011101
0010010000010101010101000000011001011111100111010001001111011010
1011011100000001100101100000111011110000100011000011111000000000
1101001110001000001010010110011000101011101101011100011101110111
0010011101110111100101001011011010010100000001110111110101000010
1101110110101010101110010100101011111101100010111011010101011111
1010011100011101100111111100000000000110111011111110101011111000
0110111110011111011000000000000111100110001001111110010110010011
0111101000111100100101110110100111110010101010001100010011011001
0010010101000011111001011011001111000100110100000111011001000101
0101110000001011000110011011100111010011100011000001011000001110
1011000101111010000010100101000011101111010111101111100100011101
0010101101111100001100110001100000011100010000110111110011001100
0011010001111110011100100001011001011100011000010101100101100110
1110000000010100011001011001011111100010101001001100011010111011
0011100101100011011100010101000011001001110100100001110111000001
0011010000111010010011000110110001010111101100010110110100010101
1011100001010100100100111001011000100000101000101011101100110001
0010001010001011010111000010000000011011101010111101011101011001
0100001111011100011010100110000010101101000000000001111111010101
1011101101101100110111100001101101000111001111110100001111011001
0110111011111101000110000110111111011111011000011010110001011111
1010000110110010010000001011110011111000100111010010100110110010
1111010110011010110010011111000100001011111110001110001101010001
1100010001010111111000111110101011100000110001001100001111101000
1011010001111010010110000111011001111101100101000010000011000000
0001010110010100011000011111100001010100111010001100011001010110
0100001011100111111000111011010100101110000010111110111001010001
1000000011010100111010000111101100001101000001011010111010000010
0010101110111110001010111000100010000100001010011011101101100110
0111101011110011110010001011010011000010011111110001111010000110
0100111111100001110000011010101010010010100001110111011110110010
0011000001010100101111100001101101101111011010011010100000011111
1011111101011011000110000001101000000011110111001111100010010011
0000100001000010010101101010110110101110000111010111001000101111
0100011000100110110111010110010111011001000000000101010000001100
1011000010110001100001001110110000000100011101101010100001010010
1110010111010110110000100110001001000111111100100101111111100101
1110010101000100101101101001100000111110110101000011110101111010
0110010010111101101110100101100000100000001100010110111011111100
1000001111001110001111011100110100011000110110110100001111100111
0111001000101100000011011110111101011000110010000010000111000000
1000110001000100001110101000110000011011011001111101110111011010
0011011101000110101010101110011011101110001010111010011100011011
1000111010110011101010101110100000010111011011111100110000000010
0110000111100101010111011100110011110100100110110100001100110011
0110001110010001000010110100000001011000010001100000010101000100
0111011110010001001100001111110110011110010010101000000001100000
0001010000001010011100100011100101111010000001110000110101101100
1110100001001010100111110001010011010111100011000101000001110000
1011111110011011111111010110010101011100000110111100000010111011
1110111010111001101101110100110110111001100110000101110111011001
1011110011111010000100110101111110010001010010010100101111000010
1100011101001001011000010110011111110111110001001000101011100101
1110011101101100011010100101101001010100101011110011101000100110
1110001000000011101011101011110001000011111101111110110100010111
1000111001010000010000111010110111011101011001101011100010011100
1000111001110001111011111011111101101000001110111110110000011001
1110001001000001110111010010000100101000100110100001010011011001
1111011110111110110000001000001000011010110010010000100011001011
0011101000000100000110111111101000110111101100011010000110100111
0111010110001100100111111110011001100101100100000000110101110110
0110111001110111111001000100000010110010110110101011110010111010
1001111100110101111010110000000011000100100101000111110000001000
1111111000010001001011100110001111011011000000001010010101111111
1101110010001010010000010000101111010100000101100001110011111000
0001111000001100101001111011100011011000110110110000000101010000
1001101000001010100010110011000101010101011111101110110011111111
1110010100100100111011011111101000101010100011011001011110111110
0010101011101000010000101111101010110011101010111110110001101100
0101110010100101001010110101110111011100110100111110000011011100
1000101100010111100000011001101101001001000011110010100100011000
1111110000010011010000010001001100111101101011000110001000001010
1110110101110100011000001111000111101001001001000001001001110111
0011111100000101011000011000000010101000110011001010011011000111
0010001100111110111001101111100111111010111011100001111101110110
0011110110111101111000000000010010101001100100000001111001100111
1010110111100001101101010111001110110111000000010101110010110011
1101111011010100010000110000011111001001111001110001010110111101
0111100001110010010111001010111110100111011100101111111100101011
1110011100101110011101101011001011101111011100101011011101000111
1000101011101001000111010101101011101101100001000101110001101000
1001010101011110000100000010010110111111111011001100101100001001
0001000010010100001001000010000100010111001011110011010100111111
0100001101000010010111011001011101000001111111111110000000001110
0010010001000110001100001000101010011010011101101100000110000110
1000011111110100101100111001001110010010111000001110011101100110
1001101001000011001100010110000100001101011011100100100101101101
0101110010110001000000010100010100101111110111011000000011001000
1010111000011000100110000000100110100111011001110100000111001001
1010111101011011101101011000101101110000111011111001011001011010
1110111000110000111011000000000011100111011100110001000000100000
1010100011100001011111000010001101111100011000010100011101001011
0001010001100100001100001110000010111000011111100001100100101111
0110101110110100101001000010101101001100110111100000100100100011
0101011000000100110000010011000011110101001001001101111000100010
0111001111010101010111010011010101111001111100011100100011110011
0101110101010010100100000101100011100011001011100111101010010001
0101100111101110110101111110000111001111100011010000010001100010
1001000101001011010100001100000001000100110111000110110110010111
1001011011101111000101011001110100001000100001000101011101011111
1010111001101101111100110001000100101010101010000001111001000111
0101100110100001000110110101011101001100100001111101001100011100
1100100101011000101000010011110001011001010011010111000111011100
0010010011011010001000010011010110110111111011110000100010101110
1100011111000000111010111110101011011101000100111111101010100001
0111101010001111101000111100111100101111011101000111011000001010
0111000111111110100101110011110110110101110000101001101000011110
1101111110111101001010000111011101111001000111111011000101000001
0110010101111011110000111110101100100111111101011010001010001001
0010111111001100111110101000011010010101101100101110110101011001
0010100100110011110010110101010011101000111001101101110001100000
1010000100111010010010100000011101000111000001100011011010111010
1110000001001000000011011111000100111110001001101000110111011100
0111000111000101111001001010011010001100010111000001110110000111
0011100111001001010111011001000100001110101010111110110100011111
0110111001100000000100111001000001101110010101110011110011101000
1011100100010111100110110111010101010011110111100001110011011000
0111010110011010100101000000111000000111000110101001010010110000
1101100111000111001101010101010010011011011101111111101110011101
0110111111001100001111100110100101011100000010000011000011001010
1001101110111011110110010000011100101011011100101111010011101001
0100010001010001010010111011001010011101010010100011001010101001
0110100011001001110110010000100110011010101011100100110100101110
1111100010010001000110011010000000001000010011011000101011000001
0011101001100001100001010010110101000001011111111000000100000000
0101010000101111101100001110010001011100111101010000101001110110
0001001100001111010011011000010001001100011011110101010110011101
1100110111111111100101100001100011111000100101101000111100110101
1111001110011100100010010110110101001110010111001011000010000011
1001011011100100010110110011000000111110011100011100101000101010
0001000010010111110000011110001011011110101100111100001110111000
0010001001010011100111101011000001001100110110001110001010100001
0111011001100000000100110010110110010011111001111111110010010101
1011000000001001110010111110101101010110100100101010110110110101
0001101100110010010111001001010111010111101100111101010101101011
1111001010111001001001100110101011001001011101000101011000100000
0111001000100011101100010011110000011000010001011111010100000101
0011110011000010101011110101100010001100101000000101111001111011
1001010101101111011100101101001100000101011101100000110111100111
1101011001111101111100100000011011100011001110101001110000101100
1100100000001111011010100001001001000110110001000111111011110110
1000010001001011011100011110100010111000000111100000011100111010
1101001010101111110110010001010101110010110001110000101100110110
1011010001111101000010001001011110111100101111100001011100011111
1100010000101101100100101101000010110000001001100111011110010100
0010001010001010000111111000111111110101010001110011100100011001
1101000100110100110101010111011000010101101011101010100011010111
0011010001011110101010010110100000001110100000111000000101100010
0110010111000001000011100101011110000111100001100000101111000110
0101001000111000011010010101110010111111000101010010100101000001
1110101001111100101011111010011100101001111010000110101101101100
0110111000000010110011011111100100101110110100110000000001001011
1101010100010001110100110101000110001101110111111001000011000111
1001101011110010100100100001000111101011010010010111110010001111
0000100110101010001000110111000000111100110011111110000010011001
1100101111111111110110010101010001011110011110011010011001011110
1100111100010110111011101110000111001000001110101110010010110001
0110101100001110110010110001000000001010000000101001000000011010
1100010101100001110100100000000111101011010111000111110011110100
0101011011011110100001010011000010101110110111110011111101000011
0011000010110101100101111010000011011011011001111010010100000000
1011100111011010011001110000001011101110001001110000100100100100
1101111010111100101011010011000010101001010010001011011110010010
1001010000110101111000000100110100100111101101011110011101010101
0010100011110001000000110000101111000011111100001101000101001000
1001111011111001100001010001011011111101110000011101011010111100
1101100011001100101011101001100010101101111101100101000101001001
0110101111011111101110101100001011111100001111110101100110001110
1111111000101100100101011011100100001001111000101011011110010110
1011000101110001010010101000100101000101111111111111111110111100
1101010101001101111101110010110111111010000100010110011000100100
1101101011000001101100101011001001111001000101111000110101111001
1011101110101110100101000100101010000111111101100101010101110110
1101100010100011101111000011101110001100000011110110110100110111
0000101100010000001110101111001011101001000110010110010111000000
0111111100111100010111111100010011001011001001111011100000000000
0010001110001001110111111111011000110011010110000101100000001001
1101001001010011110010000001110011110010010111111110001001101001
0100010101010111101001101101100001001101110100111110101100100000
1101010110000111101011010001110010110010000011110011111100000010
0001100010000111001100101101111111100001110111111011000000100100
1010101110110001110010100101111000100101100100010001011100010100
1010010011101010111110111001010001011001101001001010101001011010
1100000000100010011000100101010100001110000011111010100000011110
1100100010000101000001101100110100011100000100110110001110110101
0110100101100101110111011100000110001110001101000001101110011011
1100111110011010011001110111000111101110001110101001010001111101
0101101100011000000101000100110001110110011101001011111001101100
1000001000101000111100111001011111011111100000010111001001111111
1000000100100101110100111111101011000010001010000011100111010101
0111111100001011010001100000010010010011000011011001010001100110
1101010101001001111110111011001100110011000100111001000100111101
1011110011011001000000000010110110110011101011000001011110010000
0100000110000110110110111100110010000010001110001101110111010100
1000011100011111001011010111010011000000010001010000100011101110
1011111000111111101101101011001111010100001110001010001111000011
1001110000111101000100001011001101110001011010100111110000001101
0000001001010111100101110111100100100110001110110011000010010101
0111000010001000000001001101001000000001000100100011010001000111
1000111010111000101101000100100001111101110110000010011110001101
0001111010000111100101110101010110000111010011100100111111000010
1100000000011010100001000011100110000010011011100110101011001101
1100000000011110111000001101110100011001100110010111000000001100
0100011101010000010111100011101100110100011110100101001000010101
0000011111010010110110001000011010101011010010100011011000111111
1001001100111000111110111101110100010010110110001000010110101100
0101111001010111111101100111111000001010001111001000100100001011
0100100111100110101010010110010001110000110100110000101100011000
1101100110011000100101100111111001001011010111001011100011000101
0110001101011001101000100110010110011011110110010111100010011101
0100110000110011100110001001010101111000100101001011000100101101
1001010110100010011010000100010010100001110101110111111110001000
1010001111100000000000100010011001001000011110100000111100100001
0000101111010111000110001001111011011011101110011001000111000001
0101011100101001110111001101001000110010100011001111001011011110
0000010101101001001001110011101110111101110010000101110010101110
0011011000010110111010000010000111000000011010111100010011101110
0100101111101111011010110011000010100010011010110000001000000000
0111010011111010011011011010011001111101100011100100111001001101
0000000001101011000001101010011110000000110110100110010110001110
1111111111110001111001100010010100100010100111010000010101101111
1101101100011010110000011010010110011000011111011010110111110100
1001100011011110011000110101100001100100000111111010001110000111
0000110011010001110000011110001100011010000111001000000110111001
0110100001011001111100010110011111011001110100110101000010100100
1101001101000011110110111000100101010010000110000011110010010110
1110000001110001100001101001000111100100011101101011010001000110
1110011000011111101010110110000101000011110000001000011111001001
1100000100111110001110011011100110010111100111010010011110111110
1100101001010111101010101001001000101010001011000010001000101100
0111101111000000000011101011001011000110000100011000011101011101
1100111011011010011110101100111011011001010101011011111110011000
0110010110001111010000101101001010110011010101011000101001100100
0010100101010110010011101110110110110010101000001110110110011100
0000010000001101100111101001001001100110100011001101101101101000
1101000000101000101111111100110010000110101011011101110010000000
0111111111110111010011111001111111001110000000110110110100011100
1001011100110011100101011011101011100110110010100100101100010111
0111000010111000111010001010000001000001001001010001001111111101
