0000000000000000000000000000
0000000000000000000000000011
0000000000000000000000000111
0000000000000000000000111111
1000000000000000000000000000
1111100000000000000000000000
0000110000000000000000000000
1111111111111111111111111111
0000000100011111100110111100
1101001100001010101001010100
1111110000010111110100111110
1110101000110101101000010001
1101001110101111001000111010
0010110100011010000000110001
0100111101101001011001001111
1001110100000001000010000111
0110000010111110111010100000
0011100110101000001010100101
0110011110000110010000110101
1011101110001110010010111101
1101111011010101100100001100
0110011101110111100111111100
1100011101111101000100101001
1010110011101000010100111001
0100101010000000011000101001
0010101111101001111111001110
1101101101010011111010011001
1010011100010101111000101001
0101100011100101000110111011
1001011000010011101100010101
0101101111111001101001010001
1101111111011000001001001011
1000101000001101101001111110
1000110111001010000010001010
0001101101111111010011100001
1111111010000101111110011110
0001101010110001000111110111
0111001111010011011111111110
0101001111010000101001000111
1101010010110111100101011000
0011101000100001010100010001
0110100011111010110001100011
1101000001010000010111101001
1110010111111101011110010111
0100011110010101111101101111
1101110100000111110110111000
0010110000011101111110111000
0011001000001111101001110001
1101000111000110101111001000
0001001000001111000011010010
1111100000111011110100111111
1110011111100100110000100001
0111110000010111000111110011
1010000000000100001101010010
1010101111010010010101010001
0100110111100100010101111010
1010101101100101010110110011
1000101010001001010001001011
1101001001000100101111101100
1000101010011110101100110010
0111001000101011011000010101
0000111010000110100001110111
1010101000011101011101010011
1001011011110111011111110110
1101011101100101100100000000
0001111110001001101110011010
0100000110000111010101111000
0000001101010100001010110001
1011111000001101000100110001
1001010011010100110101000110
1111100010101001111010100011
0100111111000010110111100100
0000101000100000110110101111
0011110101100000001010011100
1100110101011111100100101001
0001101000010000001001000011
1100000101100101001001101101
1100001010001001111110110111
1101100111101101101001000101
0111110101100010000100110001
0011111010111001101100010101
1011000011100001110111100011
1111111011010010111010001101
0101000000000111011011001011
1101100010110011011001101101
0001110100111010000011011011
1111110011011110001100000010
1010100110100011011110110011
1111100100101110001110110001
0110100001011010011110011101
0010011011101001011010011010
1000100111111100111101110010
0000111110111000010101101100
0001000010110010010010000001
1101010101010010000000110000
0101100001111111000111111000
0101011101100010000010110100
1001001111000101100101001101
0000011000101010010000111011
1111111100000000101100000111
1101011100100111111010001110
1010100110101001110100110001
1111110000010100011101011010
0110111111111011010111001000
0101111101101010011111011011
0001011010110000010010010110
0110101101110011001000101000
1101110110010011110011101001
1110011001000110110010000111
0101010101100001111011110101
1101001110110110011101011101
1001001101111111111010000011
0010101111001011110100010001
1011000101100010111011100111
1100111111001110101001101011
1100010010111111010011101111
1110000100000010011000010100
1110000101111110010001001110
0000100100011001001100010001
0110010011010101101101001011
1001001111010101001010111110
1011100000110000110110011010
0111001100011100101010011000
1111001011110100010101010111
0101001000110111011111101010
1011000000111001001100001010
1110100110101110011101111111
0101101001011111001011101000
1000100000101111011001100000
0011100011010110111001001000
0101000001100110101000001011
1011101111001010001011111010
0111110110111101101001100111
0110000100111011001101110101
0110011101010011001011011011
1001011000101010010100000111
0110011110111000100101011100
0001101100100110001010110100
1100000110011010101100011000
0001000100101000100000010011
0101111110000000000101010010
1110100010010001111010111011
1101011001100010110000110010
1011010001001111000111000001
1000011001100011110011001101
1001010110100100100000001111
1110110110001100111001010001
0001100111010000101011011100
0111000000010011101110000101
0101101100110101110010000110
1101010000001100011111110101
0110100011011100011011111111
0110110100010010100011101001
0110001111100011001100001101
0010100000100011100011000100
0110100000100100101000111111
1011101100101010010011010101
0100111100000100100010010111
0001001000000000100110110110
1001000010001000010100000011
0110110001100001101001011000
0000111101010001010000010011
0101000010101011011010011011
0110101001010101110010111100
1111000011110011011001111101
0001001001111011110000010000
0110000011001000111001000001
1011011011001101001010011100
1111001111001110111110011010
1000000100100001110111000101
1011001100001000110000011001
0001010111101010110111011011
0111010111011011101110100001
0001001011001100001000100111
0101000100010110110001101100
1011011100101000011000001000
0000110010001101010000010010
1010101110111110000001101001
1110001000110100111001001101
1011001101110011110011101110
0100110100011110000101010110
0111111011100100100000111110
0110000100001111010001100101
1000110101101001010011111010
0100111101110010010000111011
0110001101100110011111001100
0011001011001010000111001011
1101000010000110000110000000
1101010100000001011011011101
1101111101111100001101000110
0110111101101111011110100000
1000111100101011001110100110
1001100100011111111111111001
1011100110010111101011100010
0001000011011110110001100111
1110010110101010011001111011
0001100011101000001101101000
1000001100100001101101000001
0101011111100101011100010110
0001100010000100000010110101
1100110011110100111100010100
1011000001011000101010111011
0001011101011010000001100111
0011110010011111001000110010
1110010111101110010001010110
1111100000011100010101110111
0101001101000110111110100010
0001011001001110010101011111
1100100100010000001110010101
1011101100110100010111000100
1100011110011010100011111110
0010000011100001011010000111
1111000011100110111110010111
0100000101100000000000110001
1110110010011000110100011001
0101100011001000100010110010
1000011100110100001000000011
1000001010000111101110100111
1001011011110000100010111111
0001101000000001011000010010
1000001001001000110110001010
1100110001101110000010001001
1100110011101010001001110001
1011110100000010001000111000
1100111101000111000010101110
1011101101110001101001101010
0011100110001111011000100011
1001100111010001010011001101
0101100011101111111100011111
0001100000100111011000010000
1010111101111000100010100011
0011111000101100000110011100
0011001111110001001000111010
0110001101100010010000100100
1000001111110010101111111101
0010110000100100111111111011
1011110010101011000100101001
0101101001001110001000100100
0111000110011010011010011101
0101010001010110011101101011
1100011001000111100111001100
0000001000111111110001111111
1100101100000010010100011100
0010000100100000001101100101
1011111011111000010100011010
0011010011011101010100000110
0100011000110000011110001111
1011001010010011110011100100
0101100111111010110110010001
0101100000001110111101001011
0011001111100110110010101110
0001101001010001010001110000
1100110001111101100100111110
1101011101110011100110101111
1100001100100001100001110010
0110011011101000001111100111
0001000011101110001000001001
0111001101001100001110111100
0100110001111100111100111001
0111110010101000001000001111
0000000110001101011101110101
1000011101111100010111000000
1110100110000010111110011010
1000110011101010100001000101
0010101110101011001101010001
1100110001011010001010111101
0111111010111001111000101010
1111101111111111011010101111
1010111000000001101010110011
0000000001101101001100011101
0011000000111000110100001110
0110011101000001111011100100
1110010110001001010101101101
0100001001101101011001100101
1110100001100011111000111100
1100001000110100100111001001
1110010001101111111100100010
1110000111010000001101001011
0100101101000011111101010101
1100000111111110000110011001
0111001011000111111011101010
1001000000110101000000010010
0001110010011110000011001000
1110010111110000100001001101
0101011100101010101010110100
1011001001101000001010001000
0110110011001100000001011011
0111110000010010110111000100
0010001011000110100000001000
0110100000010111101100000010
0100100101000011011111100110
1110011101000101110111100110
0110110011010000000001111000
0010111000110110000000000100
0100111111110110100100000001
0110110110111101110110001011
1001010111000110010101001010
1111010101010100001110100101
1111111100111111011100010011
1101100010111010111101010011
0101010101010000010001000010
0111011111000011100101001001
0011010101011011101010111010
1000010111111110100100010110
1000100100000010110110011111
0010110101010011111011101100
0111110111001011010110011000
0101110000001001011111110110
1101110010100101001100111101
1010111101010111111001001101
0111000110110100110010110001
0001010110001111000010000010
1101000101110110101111010000
0111101100100000101010101101
0011001101000000100010001101
1011010000110000110001001011
1100011011101101101010010110
0101101100011111110100000000
0111000110101100000000010010
1110001001110111101111101011
0010011011001000011111000101
0100001110101010101001100110
1001001011111111010011111101
0011010110001001001001101001
0001001100101100000101010101
1111110111110011010010101111
1001001100010110010101000100
1010101011010011010011111000
0000011110110100011111100101
0111110011000101101011000111
1001011110001000110101101111
0110110011101001000101001011
0110010010001101000011100001
0001001101011101001100100101
0110000111010101110001010001
1000000000011010011110111101
0100100110100100011011110100
1101100011100111100111111110
1001010010000111011000111000
0100001101010101001111001100
0010000011001101111000010111
1001001101011001001010010101
1111000100001110110001001100
0100010000001000011101001001
1100100010101110011111000111
0000100000000100001111010100
0010000111001101101000101001
1001000000100010101001110010
1010001010001110110010000010
1110011001011010100000101110
0101111001001010111100011110
0101111000010101110101100101
0001100000100101111101010010
1110101111010111111110011110
0111010100101010110011110010
0000011010110100010100111011
0110011010010001101011011011
0110000011110110010111110011
0101111100011000100101001001
1011100111011101001010001001
0011111011001101111110001011
1110010001000111111111000000
0111000001110110111110001010
1001011101111010111001011001
1100001110110100000011111101
0001000111110111010010000111
1010111010011000100100000111
0000110100010101100000000010
0101001000011101100111100000
1001100001101110010001101100
0000011101111010101010110100
1010010101001111010010001100
1011101101011011110011111101
0101010110000000111001000111
0011010101111110101110001101
0101110110011111011101101000
0111011100001000101001010111
1111000000010110111100000100
1100000110001110010111101010
0010101000000111100011011110
0011001011101010110001001101
1000001100111001000011011100
0100001111010001000001100110
0100011011101001001010111010
1010111110100111001000111101
0011010001110011110110101110
1100110011111101010111110100
0101001110110010011001100101
0110110111100101001100000010
0100001100001111111010100000
1011000111000111010000100100
1010100000011011011000011110
0010110011101110000111101011
0011110000010011010010011011
1000011110001010110000011111
1101001101100100101110111000
1001110011111111010010100010
0110100100000010111110111111
1100100101100111001011000100
0001110000100101111000101001
0011001001111000010001010011
0011100100000101100101110110
1110101101110000010001101000
0100000100111011100100010100
0100101011010101000110100100
1100111001011110100101000010
0011011001011011000111100001
0001001101011111110000000100
0101101011110010100010010100
1000001010110101100011000001
0001010111011001111110111000
1110010111101111010111111010
0111011011000010100101101100
1101111100111111110111100000
1101011000101011110011001100
1001010111101111011000000100
1011100111010100011100010100
1010101000110100000011001001
0111001011011001110001100000
1111111010100001100110100100
1010000111100011001010100110
1001001011000111010101101110
1100010011000001110011100011
0011111010101011011111001111
0100001000101000101100101001
0011011001011111001111100101
1001111011110011001100100111
0111101110010111110101111010
1010110010000011001011100001
1000001010001100001101110011
0010100111010001110110001111
1000111100001100111010100010
1111110010010111000101101011
0100111101000100011110111001
0110111110000111011110111101
1111010010001010101000100100
1110101010100001100100000010
0100110101011110010011011001
1100101010011000100010100001
0101001101110000000011101011
1010100000000101100000101101
1000111010101111111011000000
0010100110011101110010001110
1100001100100000101100111010
1010011001000001001001000110
0010001111101001000010000101
0101010000101001111111100111
1010111101100001111000110100
1011101100110101101100110010
1111110100000111000011111000
0001000110110011111011100011
1010100010011110100101100000
1101111010111101110110111010
0100000111100000101111101111
1000100010111011000110011111
0000001111001010001101100010
0111100001101111010111101110
1000111001101111110100101001
1110011101000100100111010011
0010110111110100111010100001
0010100101001010110111111011
0001011001100001011010010101
0101011110001000110101010011
1100110111011111010001010001
1101100001001101101111111011
0110110011111011010111110110
0111100110001111010010010001
1110101110011010110101000111
1001100010110110001110101110
1000011011101110000001011000
0010101110000000111000110101
1100001110110111111110111100
1101101101010101011111010010
0100101011010100100001010010
0010010101001110111011001100
0100110111010011010101111001
0101011110010010111101100001
0111111111011100111101111100
1001111101001011110001110010
0010110110101010110100101101
0010010111001011110101001111
0100111101000011110010101001
0100100100100111100001000101
0011101111010100001001001010
1001011110111101101001001111
0101011010011110000111111101
0001111110011011111011100001
1110101100000011101111101101
0010000110011011101010011001
0111100101110000000001010101
1010101111010001100000111001
1001100110100001101101010111
1001001011010010100000011000
1011110001100110101010101011
1100101100001100010101010111
0001101101111101011010011110
1111011101110010000110000001
1111111100000111111101001001
1111110100101110111001101010
1011101111101101110101010100
0101011011101111101001001111
0101100000001110010110000100
0011101101111110011000110100
1011010111111011111111111011
1101111001011101001011101101
0100011100110000110010100100
1011000101011010001010011001
1111100110101110101010111111
0000010111110100000111010110
0001000001011011110000100011
0101101001101001111011010010
0111101001000100001100000000
1110110100000100100001011101
0010100011010101111111100111
0010010110000111111001010111
0001100100101110011011001011
0101000010000111011000100001
0010100011011000000110111011
0100100001100000000111011011
1010011000010110011010010100
1011010111100111000010011001
1111101100101001000111010010
1000011101010110100011000101
1011000000101010001101011010
1110001010010010001110100011
1010111010011100101101011101
1010110100101101011101001010
0111110101001110010010010010
0010100001101111100010011100
1101010101100110101100000001
1110111000101010001000101000
1010110110111000111101011001
1100101001110111001011110101
0010001101110000110010111000
0111001111101101000101100100
1001101101000110100111110010
0110110100111011101000011010
0100000001100100110010100000
1001110101011010111001111100
0011111000001100010100011011
1010111011101010100000000010
1110000001000010001101010010
0010001101110011111111011111
0000111011100001100000000111
1111010010110110101111100000
0100100110011101111111111011
0100111000110110110101010100
0100000101011110100010111111
1011111100111001001010111011
0001010101001001101001001110
0000110000111110100010110111
0110100100111000110000001001
0010001110001011111111101111
1010010011010001101010001101
1001101001101001000110000000
1100100000011000100110110101
1110001110101010110001100001
1001001000010100001110100100
0111110111010001010100001001
1011100010110001001000111000
0001001111010000001011100111
0101110111001101010100001110
0101011000100000101110101000
0101110001000100001110100101
1001100110100111000101110110
1101110001010000010000100010
1110011000111101000010001110
1011001000100101011100101011
1000111010001001110001111000
0111110101001110011100010111
1111100111100011110001110010
0101100010001010111011000001
1000001110111111111110111001
0001101011100010000011001010
1010111011000011010101001011
1000000000011011000010111000
1110101001101010000100101111
1001010001000100110100011101
0001111000101001100100001011
0000001001110111011110011110
0010101001011000011111001110
1011000110011110011111111011
0010001010100110001000011011
1010010101101010111111111011
1100110101011110111100111101
0111110001010011111011010000
0101100101111111000111000010
0001011010111000011001010100
1001111110101110101011111111
0100100000110101100111101100
0000101110001000011001111010
0001010111111000100110000011
0010111000101000101111101010
0001010100001101001000111001
1111011111001010000010010101
0000111110100010100110101000
0010010111111101000010100000
1011000000101011010001001010
1111011100000010000101000011
1010101111100111100000001010
1111100101001001110101110110
0101111010111010001110101100
0010000100011001010011001100
1111000011010010010111000001
0011110110100110100110111110
0010011001100011011011000000
0010111010000001001001101101
1010001110000100010100001011
1010101010110000110111111101
1101011110111011100010011011
1000010010010010110001111010
0100011011010001100010011100
0101111101111000111001001000
0011000101110000101100101011
1110101110101011011011100001
1001100001100001101001000000
0100011000110101110100011111
0100101111101101011101111000
0111100111100010010001001001
0111101001001101010001011110
1010011110111000000100011101
1000100101111011010010101100
0101110110110100101000001011
0011011100100111001101011100
1100001100001010011000000001
0000010101001011110110101000
0000101010111010000110111000
0010101010010111101101100101
0011010010000011100011010101
1011010010110011011011110010
1110010001000100101111001110
1011100100001100100010000010
0100001010000001000100100100
0001001110100010011111011011
1101011111000110101010011111
0100000000000000001001010011
1001000001110101101110010001
1001000111010110110110011111
1001010100100010010010010010
1110000010110011001010000010
1100010000111110100101010111
1110000101010010010001100110
1011101101001110111101010000
0001100111011100001101111011
0011110101000010011010011011
0101100100101101001100000010
1000111010011100010111010001
1000100001100001100111110100
1100001011011111011111101110
1110010101111000010100100001
1100001101110000000001100001
0100100001100100111111000000
0100110101110110110011100100
0101111000000011100100110110
0111011110000101010011110100
0000000100011100110010100101
1100111011000010101110001110
1010000100110101010110011111
0011000110001101101001011110
1000000011101101100010011100
0100010110100000011101000011
1110110001111100010001001011
0101010101010011000001000010
0100010011110011000000010011
1100001000000011000011111110
1111100101010110101111101001
1011001011000110101011111001
1000110110110100101100001001
0000000010010000000111001000
0011101100100110100010001111
0101000011100111111011101100
0101100110010010010110100000
0101111010100011000000111011
0010001011100000001000101010
1100011111111110010001100001
1011110101011011011111001001
1000101010100111111111011101
1101011001001110101011010011
0000111001110000010001110000
0111010111100101101011011110
1111000101111110110110100101
0110001101001100011001101011
1101011001111110100100100010
0100000110001111111101010110
0101100011110110100111010000
0110110110110111001110011001
0110000000010010001111111100
1001000100110000111110101001
1001100011011011000010000010
0101110010111000010010011111
0000000101101001100111110011
0000110111110100101000111111
1010101010100000101111111111
1010000111111101011011011001
0100001000110100010000010010
0001111010010100010100010110
1111000000001110101010111101
0111011011100000001101100010
1100001101010011101100101110
1110110100110101100111111000
0111110000011011000100111001
1101010100111000011011110000
0011111101011010111011010010
0000010110001000111001110010
1000011001010010100110100010
1111010111100001100110101011
1011111111101000010001010000
1011000111110110111101011010
1100011001100101100101011111
0001110000010010010010001111
0110000001111100010111001011
0001101000010110110100001011
0000011100001100110001010101
1001010111001101000101111100
0011001011011001000001001011
1101000100101110011100000011
0010000001011101110111010111
1101000111000000111101110101
1110000001110000011001001111
0011111001101010111110001110
0000100111100100000000100110
0011101100100011000110010100
0110000000100001101111011101
1110100011101001101100011111
0000110101000010000101110010
0001011101010100000101100100
0111000100111110011110110100
0111010000111010100011011101
0001001010110010010011011011
0101111010001100000000101111
0101010100100111000101100111
1000110100000010110010001000
1101000100001000010011110011
1000001000110000000011111000
1100111111111010111001100100
1001100010001111111100010011
0000110101110111100101000111
1001101100011010111011111001
0110001001110000100011100101
1110011101010100101111111111
1111011001111101000011011100
0101100001110010101110000000
0101101011101111011111100000
0110100001011011100100100101
1111011100011111110001110100
1100001100100100110010001001
0010110110111110100110110100
0011001010010100100110111111
0111101001011100100000101011
0101011001111100010011100010
0001100111100111011111101011
0111100100011110101011010100
0010101100101111010010011100
0000001101111000001000110011
0101010110000100011110100000
0000010010111111010000011001
1111001000100101000111011110
1001011101111001011101011011
1011001100100000010101001000
0101011101001101100000010011
1101101001010111011000000001
1000100111001011001000110111
1101100111101001111101101011
0000010101100010000010100101
1011110100100010111011101101
0011111001010110110010011000
0110110000110001101111000101
0101001001110110111110111000
1001011110011001100110001000
1000111010100001001100010101
0110000100100111010100010111
1010110101001110110101110100
0100000011101111111110110001
0110001011001100000010101101
1101011101011100111111111001
0001100000001011101010110100
1110101011001110110010011000
1111010101101010001101000001
1110110010110000100001011101
0011011010101110101000101111
0001101100001111011000111111
0101101100100011101100110110
0011000100000100111011010100
0000100000101011101011000101
1011011011101001000111100101
0001001110001001010111100111
1010000110101111001001110110
0011010000011010011001101000
1101011011001010010011001000
0001101010101010000110110001
1010110111101011100011110011
1000010110100110110001010000
1110010111001111111011101010
1110001111100110110100111101
0100111111010100011011001101
1101001000010000011010000001
0000010110011101101000110001
0100101010011111000110000000
0101001110001010101000001111
0011101011110000101010000110
1010100001010100011100010100
1100110001011000010010111001
1010010101100011010000011011
0111110000011111010110000000
0001000010000101011001001011
0010110100000110100110011001
1101101001010101100011110111
1010000011110001011100010111
0010001100111011000010111110
1010000100111100100011100101
0110001101001001111000001001
0101100001011101110001001010
1011101011100010110011011011
1001010111001100101000001011
1001110110110100110111010011
0010010110101001100001001011
1111001011101111000000001000
1110010000001100001001110001
1000110011101001110001110111
0101000011000101010000100111
1111111100111000001111011010
1000000101101010010010000010
1011110100010011110001101101
0011000100010010111111011001
0101100111011001011101001110
0001111110111101001010010111
1100110001111001001100000011
0101010111111011100011111000
0011011101011110010100011000
0001111010110000001001111111
1101010011001000100100001100
0100101011001110100110101010
0011111000100001111111010110
1110100111100000111010101101
0101000101010111100011110011
1100010000010001011110010001
1011011001010011101101000001
0010111001000110000111010011
1001110101000011001110001010
1011101011111000111110011000
1100001111101110101011100111
1001010101010100110110000110
1100100001010001011010100011
0110000001011100110001010011
1010010010110001001111111100
1010110011111101010111010010
0100110011101010010001001101
1011101100000000100010111011
1100010110100011001001000111
1001100011010011011010011000
0000100111011000110111101110
1011101101101110001100001001
1000111000110110010010110110
0001111011001111101101011011
0010100000000011000100101111
0010001010101111100110000001
0011001101000011010100011111
1100101010110101001111110101
1101101011101010011001000011
1100000011110010111101000000
0001011101010110011010110001
0001011011001111001000001001
1101101111000110000110001001
1001010101101000001110010110
0100011101000011101011000110
1011011011100010001000111110
1011000011100011100000100001
1111010100010110010000000111
0011011001110001010001010001
0100100100100010101111101000
0001111011010010001000100110
1111101001111011110000010001
0110110000101011001000001100
1000110011010010110100110110
0001101001111000001100100110
1010000110110111000000100100
0001011111110010001111101011
0110001000111001001100011011
1011101110011110011001101001
1001011111101010011001011101
1110010100111001000100010011
1011001000101110010000000101
1010000001011001111111010001
0001010111111000111100111110
0111101001110001100001110010
1000010100100101101100000000
0100001101000011011111100011
1000011101011010000100101011
0010000101101111101010000011
0100010010101110111100011010
0000111000011011000110000111
0111011000000100001011101110
1111101111101111001111010101
0011011010000001001100001001
1101101101011100000101010001
0010111001010010111101100011
1111010101111010110000100001
1101100101011100001011011101
1101010100011101000100110111
0010101010111110110001110000
0101101101000011111101101101
0010011101111111011110111010
0101011110000100110001000010
1110100011000100100010011011
0011111110101110011110101010
0110011101111000001101011011
0110101001110000101100111000
1101100110001011101010111111
0100010000001111101011010011
0010011100001001000111100001
1111000110101101111110001110
0000000101011111011111011000
0011100100011100011100110001
0010000000010111110000110010
1010001111001100100011010101
0101000001110100110100001101
1010100100110011010011111100
0000000000100101010100110010
1010100011011011000111000111
1110000010100010011001111110
1100110011111010000110011011
1001100011111101010100110011
0001111110011001100010000111
1111110001110111111111011010
1000110100000110101011000110
0110100011010101011010111101
0100101001010000101011111001
0110010010001110001011101011
1001000101101010001010000101
1010110010010010100011100111
0111101001111111110111110001
0101011000101000111101011100
1111101100011100001110101111
0111101111001001110000011011
1000111000010010101010101111
0001010101001101101111011110
0110000100000001000100011000
0101011010101111001101111100
1001001100110011010101000000
1001111100100100110011111101
0001110111111110011011000111
0010101001101111100010101001
0101001111010000110100011010
0100111100010011110110100001
0000001111101001010101111010
1111111100100110010101001010
1101101011011010010001111100
0000100000000001011100111101
1101111111101001111000110010
1001111010100010010001000011
0110100100001000010000010110
0111001010100000001011110110
0111111111110011011111101001
1111011111000101000100000111
0011110100100110010111010010
1010111111101001000110011101
0010111101010000110110010001
0000011010101111011101101110
0000010100011010001000111010
0001011111000111111011110101
1101011000110010001110001000
0000111001110111100100010100
0000000011001001011011110001
0101010111010001110110111010
0000011000100100010010001001
1110001000001101001011011101
0000100011001011010100101111
1000101010010010011111000010
0000100010101000101110110000
1101000101001001111010011100
0000000001111000100100101011
1110010000010111110111010010
0001011100010010011110101010
1110111110100101110101111101
1000011010010100011010001110
1100100111000110100011011101
0110111100101100011010010110
1101111111011110011110011000
1110011100110111111001001000
0011100110111000001111001111
0000010100011110010000000110
1111001011101011111000111001
0000010110111111111010000010
1001110100010001011101100001
1111000001110010100010001000
0101111010110010111010100110
1110000111110000111010101100
1001101110110011000000111011
0011101110001101000010100001
0110101011000011001010111011
0110011011101001000101100000
0110011100100101011000000001
1110111001001010000101101001
1011010110111000111011101100
1100011111001000110100111100
0011011111011101001011111101
0111101100001011001000000101
0001000100010100011110110110
0110001110101011001101110111
0000110010111011111011000110
