0000000000000000000000000000
0000000000000000000000000000
0111110100111111011100011111
1000000100000011000010100010
0000000000010110101000001001
0000000000010000010000011000
0000000001001001111001101001
0000000000010000000000000000
0000000011110001100001011111
0000000000010001100111110011
0000000000010000000111111001
0000000000010000101110100100
0000000000010001100110000110
0000000000100110000111101000
0000000000011100101110100011
0000000000010100011011100100
0000000000011010000001101110
0000000000100001101101101101
0000000000011001001010010001
0000000000010010101100010101
0000000000010001001001100011
0000000000011001001010101101
0000000000010010001000000000
0000000000010011011101111111
0000000000011101101010001011
0000000000100110101000011001
0000000000010001010010010011
0000000000010011110011100000
0000000000011011001001101110
0000000000010100111001011001
0000000000011010101100011000
0000000000010001000111000101
0000000000010101110010011011
0000000000010101011111111011
0000000000110000110100011101
0000000000010000000010111101
0000000000110001100011001111
0000000000010111110010010110
0000000000011011111101100111
0000000000010001100011010110
0000000000100001100100111010
0000000000011000111111000100
0000000000010001101111001010
0000000000010000111000010110
0000000000011110010000011100
0000000000010001001110000001
0000000000100110100010101100
0000000000100100001011101000
0000000000010001101011001101
0000000000111100001111011101
0000000000010000001111111001
0000000000010000110011111010
0000000000010110111110110010
0000000000010100001111001100
0000000000010011100001111010
0000000000011101000000011010
0000000000010011100011011101
0000000000010101101111111111
0000000000010001101001111000
0000000000010101101111100100
0000000000010111111101010111
0000000001000011001010110111
0000000000010011101000001010
0000000000010100110101011101
0000000000010001011100010110
0000000000101101100101011100
0000000000011111100111111110
0000000010001100010100000001
0000000000010010100100011101
0000000000010100111110111111
0000000000010000001110111111
0000000000011100101010100001
0000000001010000011100001001
0000000000100000101011010100
0000000000010001110111010001
0000000000110010001001010001
0000000000010010011010001001
0000000000010010010110101011
0000000000010001010101110110
0000000000010110110111001100
0000000000100000010100101101
0000000000010011001111111010
0000000000010000000010010111
0000000000011100100111011101
0000000000010001011000111111
0000000000101111010110100110
0000000000010000000110010100
0000000000010011101001111011
0000000000010000001101111010
0000000000011001000011110111
0000000000101001000010100000
0000000000010101110010110000
0000000001000000100100010011
0000000000111110101001101010
0000000000010001100001110001
0000000000011011001101101000
0000000000011011011000101100
0000000000010101000011110010
0000000001100111000110100100
0000000000010000000010000000
0000000000010001011100111110
0000000000010011101001110101
0000000000010000000111111011
0000000000011000001100010001
0000000000011010001101010010
0000000000110101101111101010
0000000000011000101100100101
0000000000010001001100101010
0000000000010000110111101011
0000000000011011101101000110
0000000000010001100110000001
0000000000010101000101000010
0000000000100110101011101110
0000000000010011001110001001
0000000000010001110000100011
0000000000010010010000000011
0000000000010001000100001111
0000000000010001000011000100
0000000001010100110111101110
0000000000011001011111100110
0000000000010101000011100001
0000000000010010110111001101
0000000000010111110111000100
0000000000010000011011001000
0000000000011100001110111011
0000000000010011010010001101
0000000000010000101111110010
0000000000011010111011011110
0000000000010101111011111101
0000000000100001111101001011
0000000000011100100011001101
0000000000010010101011100110
0000000000010110110101000110
0000000000011001111101100100
0000000000011001001011110100
0000000000010100111001000000
0000000000011001001000101111
0000000000110001001000011011
0000000000010010011001100000
0000000000111101110011010101
0000000000011010001100100011
0000000000010000110010010101
0000000000010001011110111110
0000000000010011000100001001
0000000000010110000101010011
0000000000010100111011010110
0000000000010000100111000001
0000000000110010011000101001
0000000000011000001011100111
0000000000011010110011100001
0000000000010001100101001000
0000000000011000111111111110
0000000000011000100000110001
0000000000011001100111010100
0000000000101000011010000011
0000000000011001000101011110
0000000000010010101101100101
0000000000011100110011001000
0000000000111100010101011111
0000000000010101010010110100
0000000000011000100101110001
0000000001000001011010010001
0000000000011100100000001010
0000000000011000110100110110
0000000000010000011111011111
0000000000111011100010111010
0000000000011010000001011001
0000000000010010111011110011
0000000000010000011001010010
0000000000010110100001110010
0000000000010011001000011110
0000000000110110101011101001
0000000000010111100101001011
0000000000111011000010111100
0000000000011100011011011100
0000000000010010111010100111
0000000001001000010000100001
0000000000010011100010001101
0000000000010001000001010110
0000000000010011000111000011
0000000000011101001001101101
0000000000010110101110011101
0000000000011001111111000010
0000000000010101100001110001
0000000000011100101110001010
0000000000011001101011010101
0000000000100011111010111101
0000000000010001101110100110
0000000000010001100010100110
0000000000010001000111111101
0000000000011000010000000011
0000000000010101011001010010
0000000000010100101100000001
0000000000010010110010101001
0000000000111110010100111101
0000000000010000111001000111
0000000000110011010010111010
0000000000010110010110110000
0000000000011011010011100100
0000000000110011101101000000
0000000000010001111000011011
0000000000010011010001110001
0000000000110100111110011110
0000000000100000111000010010
0000000000010000111000011111
0000000000010000010000001001
0000000000011100000011011000
0000000000110110001101000010
0000000000010010000011011101
0000000000010010101101011101
0000000000010010000111101011
0000000000101100101001010001
0000000000010000011111100110
0000000000011111101010010110
0000000000010000101001001010
0000000000011011001010110100
0000000000010110000001000011
0000000000010110011010000011
0000000000010100110101100100
0000000000110010001100110101
0000000000010110011011011001
0000000000010001111001111001
0000000000010001111000100010
0000000000010010100111101110
0000000000010001110010000000
0000000000010010101100101100
0000000000100001101111100001
0000000000010100101001000010
0000000000011011001001010100
0000000000110100000101101101
0000000000010011010100110110
0000000000100000011101111000
0000000000100011100001010100
0000000000011001101011011110
0000000000010110010010010100
0000000000100110100001111011
0000000000010010101000110011
0000000000011010111100000110
0000000000011000000001001011
0000000000011011111000000011
0000000000010010001011100010
0000000010101010101100101111
0000000000010001111101111001
0000000000101100011110101010
0000000000010010100001100110
0000000000100011001101011001
0000000000011110100011100111
0000000000010011001010000010
0000000000011010111111001101
0000000000011011010001111101
0000000000100011100010001101
0000000000110001111001101110
0000000000010001111001101110
0000000000010001011100001101
0000000000010010010100111000
0000000000011001001111000101
0000000000111110001101111000
0000000000010111110101110101
0000000000011101010001010111
0000000000010110111011011100
0000000011001101011100111010
0000000000010101111111100101
0000000000010000110000001011
0000000000010101100100001100
0000000000100110101111010101
0000000000010001111010000111
0000000000010110101111011010
0000000000010000001000000110
0000000000010011011010000010
0000000110000111111110011101
0000000000100100110111011000
0000000000011001001100010110
0000000000010000111001011010
0000000000011111011010001110
0000000000010000110010110000
0000000000010010010111101011
0000000000010000111100000001
0000000000010001000010010011
0000000000011101100000100001
0000000000010010011000010100
0000000000010111111001010001
0000000000010101010100010110
0000000000101111110110101101
0000000000010000111000011110
0000000000011011011010110111
0000000000010011001010101000
0000000000011000100010110001
0000000000010110111110111000
0000000000101011011010010101
0000000000011001000101110111
0000000000011101111010001001
0000000000010000110101010110
0000000000011000100010101001
0000000000100101101010001010
0000000000011100101000001101
0000000000011000011011111111
0000000000010100111010110000
0000000000010000010110000010
0000000000010000000001100000
0000000000010001011000111010
0000000000011011101101110100
0000000000010111011001000111
0000000000100011000010111100
0000000000010110000111011001
0000000000010101110111101110
0000000000100110000001100010
0000000000010110110100110010
0000000000011010101011110011
0000000000010001001110111111
0000000000010011010101010011
0000000000011000000000011110
0000000000110111001000101001
0000000000010001101100000011
0000000000010111000100100001
0000000000100011110000100100
0000000000010011000100100010
0000000000010010001001101000
0000000000011010110100010101
0000000000011000000000101101
0000000000010001000000101110
0000000000101001000110110111
0000000000011111000111101111
0000000000010101000111010101
0000000000100010111111001110
0000000000111010011101110101
0000000000010000000100000111
0000000000010101000110111011
0000000000010011100101100011
0000000001011100001110011100
0000000000010110111010110001
0000000000010100110010111101
0000000000011000100001111100
0000000000011001100001111001
0000000000111010001011001111
0000000000011001111000011011
0000000000010110100111100100
0000000000011101110101001110
0000000000010001011000011101
0000000000010101000000010110
0000000000011111001100101010
0000000000101100101100100101
0000000000010101000101101110
0000000000010000011111010000
0000000000011111000010010111
0000000000010010000100100011
0000000001011010011010101000
0000000000101100000001111111
0000000000010101010100101100
0000000000010100000101000010
0000000000010000110111011111
0000000000011010010111010000
0000000000011010011001000111
0000000000110100000110000101
0000000000010000101010110111
0000000000010111101001100111
0000000001100010110111100111
0000000000011001010001110000
0000000000011001111111110111
0000000000011010010000000111
0000000000010010110001110001
0000000000100000010011011001
0000000000010000111100011000
0000000000011000001000111100
0000000000010100110011001100
0000000000010010010011001011
0000000000111100011001011001
0000000000010011010111111100
0000000001000110110001011111
0000000000011100010000000010
0000000000010100101111000010
0000000001011101100110111010
0000000000010011111010010011
0000000000010010101100111110
0000000000011011101011110110
0000000000100011000000000101
0000000000011010011101010001
0000000000010111011101101101
0000000000010000100001011000
0000000000010010011001101001
0000000000100111011111001101
0000000000100011111000000101
0000000000010110010110010000
0000000000011111000101100010
0000000000011110011001101001
0000000000010011010100001101
0000000000100011010110001110
0000000000010001111000010101
0000000000011011111110111000
0000000000011000011010111001
0000000000011111010000101100
0000000000010011001100110011
0000000000010011101111101001
0000000000100110001100010001
0000000000100001000001110101
0000000000010101111111010010
0000000000010001100110110111
0000000000010100011011100110
0000000000011000111110110100
0000000000010010000010011110
0000000000110000010000001000
0000000000100100000010001111
0000000000100001111001101100
0000000000010000101011110001
0000000000011111101100100011
0000000000011101100101111110
0000000000010001110100100000
0000000000100010101110010001
0000000000111010001010010010
0000000000011010110110000000
0000000000010110011001000100
0000000000110110110000111011
0000000000010000111000011110
0000000000010111011111011011
0000000000010001001000100010
0000000000010001011111100010
0000000000010100111010000010
0000000000010010110001111000
0000000000010011100111110110
0000000000010111111000110011
0000000000010000000010101111
0000000000010100000111101100
0000000000010101001000010110
0000000000010010010000000010
0000000000100000010101100111
0000000000011111011110010011
0000000000100010101101111100
0000000000010100010011100010
0000000000010111000001101111
0000000000010011011111011010
0000000000010110011001111101
0000000000100111100101100011
0000000000010101011001110110
0000000000010000000110111000
0000000000011100110000001110
0000000000011000001111011010
0000000000010000010111101101
0000000000010000101101100111
0000000000011101000110101011
0000000000010001111111000100
0000000000011100000001101001
0000000000010011101111111110
0000000000010101011011100110
0000000000100111101011101110
0000000000010010010100111001
0000000000010011110110101010
0000000000101010101110000100
0000000000011011111001111001
0000000000010011010101001010
0000000000010010101101011100
0000000000010000000101111111
0000000000111100110110000001
0000000000010011101101101110
0000000000010001001001110010
0000000000011111100010100110
0000000000010101111001001010
0000000010000011100000000001
0000000000010111010100111100
0000000000010101011100110011
0000000000010000110101010111
0000000000100101110000110100
0000000000100111110101101011
0000000000110110000111010000
0000000000011011010111001011
0000000000010001110101111000
0000000000010001011010000000
0000000000011000100001011011
0000000000010111001110000001
0000000000010000101011011001
0000000000010100101101110100
0000000000010110000010011110
0000000000100110110100000010
0000000000010010010011001000
0000000000010001010010010010
0000000000011101100110000000
0000000000101001111010010111
0000000000011101000001001100
0000000000011011010110110010
0000000000010110101000111011
0000000000010100010010001000
0000000000100101111000011110
0000000000101001101000111111
0000000000011100110000010000
0000000000011101111011100100
0000000000100001000110001100
0000000000010100110010000011
0000000000011011100000011010
0000000000101101100010001010
0000000000010000101100101111
0000000000101100001010001010
0000000000010111001110110001
0000000000010011100001111011
0000000000010100101001110101
0000000000010101001000001001
0000000000010010101001101001
0000000000010001111101110010
0000000000110000110100111000
0000000000010000010001100011
0000000000010000000001111100
0000000000010000000101101011
0000000000010010101011001001
0000000000011011011101001100
0000000000011011010001111111
0000000000100001001100001001
0000000000010010111110100000
0000000000010001001010101110
0000000000011110010101110100
0000000000010011001110010001
0000000000010000001100110111
0000000001101000111010110001
0000000000111111010010111000
0000000000011010111011000100
0000000000010111001001101110
0000000000010000101000001101
0000000000101000000011111000
0000000000101001110010011001
0000000000110011000000111110
0000000000011100100001110000
0000000000101000000011101000
0000000000011110000101110110
0000000000010011110111010011
0000000000010010111110110010
0000000000010000001001110100
0000000000010110000000010110
0000000000010011010010011010
0000000000010001000000011110
0000000000010011010111111000
0000000000010011011101000000
0000000000010110110111101000
0000000000101000010000100010
0000000000010001100001100011
0000000000010000100101101001
0000000000010011011011000011
0000000000010001111111011100
0000000000101011000000001000
0000000000010111110001101100
0000000000010100100010110100
0000000000011000011111101000
0000000000011111111001101110
0000000000010100011010000110
0000000000100000011111111101
0000000000010011010110110011
0000000000010001000110000100
0000000000101010111111101001
0000000001000010010111001110
0000000000010000010111010110
0000000000011101110101100011
0000000000011100111100100101
0000000000011111101010011011
0000000000010010100000110011
0000000000110111011111000010
0000000001001001001010001110
0000000000011000111101001110
0000000000101010111100000001
0000000000010011111100001100
0000000000010100100110100000
0000000000010010000110001111
0000000000010000111101110110
0000000000010101001011100101
0000000000010110110100101010
0000000000010010110101100101
0000000000111001100000110011
0000000000011010011011101010
0000000000011011100101011010
0000000000011010101001101011
0000000000010100101001110000
0000000000010001001111110100
0000000000010000110111110001
0000000000010011001011100001
0000000000010101011100010100
0000000000010110110111101000
0000000000010000001100011100
0000000000011011001101001011
0000000000010110010011011001
0000000000110001010111111101
0000000000010011010111010110
0000000000010110100111100011
0000000000010000101110000110
0000000000010101000001100010
0000000000101110100111001110
0000000010100010111111110110
0000000000100111010101110001
0000000000010011001101010110
0000000000101011011111011001
0000000000010011111001111000
0000000000010001110111010001
0000000000010110111101011000
0000000000011011000011111000
0000000000110101101101010000
0000000000010100010000100011
0000000000011110001000000100
0000000001001011011000011111
0000000000110110100111011000
0000000000100101101011100001
0000000000110111110010111010
0000000000010000010000110100
0000000001000000101111100000
0000000000101001100010001111
0000000000010011010010011001
0000000000010000010010011110
0000000000010011100001100111
0000000000010000001101101100
0000000000011010010011011000
0000000000101100011111110100
0000000000010000011111110001
0000000000100000100110101001
0000000000101001010100010110
0000000000100101100010100011
0000000000010100000001010000
0000000000010011100110000011
0000000000010001011011011110
0000000000010110001110111101
0000000000011110011010111010
0000000000011010001100110011
0000000000100100011010001000
0000000000010000101011010000
0000000000010100101111010000
0000000000011110100011010101
0000000000011101011000010001
0000000000010111001100000010
0000000000010111001001100000
0000000000010011110001000111
0000000000010101110101010100
0000000000011010011100100010
0000000000100010011110001001
0000000000010010010101001010
0000000001101111001111001111
0000000001001110001010011011
0000000000100111001110011101
0000000000100011010100111010
0000000000010011000010110100
0000000000010000111100011010
0000000000010010110100011010
0000000000011111011001000100
0000000000111001110001011111
0000000000010001011011010111
0000000000011111111111111111
0000000000010101010011001010
0000000000010101001100101100
0000000000010100111101101000
0000000000010001000100111111
0000000000010010010001100011
0000000000010001000011011111
0000000000010010101101001000
0000000000110010010101110101
0000000000100000101101010011
0000000000011011000110111110
0000000000010101011011111101
0000000000010101111010111100
0000000000010010010101101010
0000000000010000111001100100
0000000000010010010011111101
0000000000011110000101100110
0000000000011101000101100001
0000000000011010011001110000
0000000000010111011010101001
0000000011110010101101110010
0000000000010001110011011011
0000000000010100001010011001
0000000000100100010111011101
0000000000010110100010111011
0000000000011110101011100000
0000000000010000101001011010
0000000000011011101101101101
0000000000011110110101001000
0000000000010010011000010001
0000000000010000001101100101
0000000000010011001001010111
0000000000010101100000010101
0000000101010101001100111001
0000000000100001010010010011
0000000000011100011101100000
0000000000011011000011001001
0000000000011010010100001011
0000000000101011010110010101
0000000000010010000110100010
0000000000010010100110101000
0000000000010101101111011001
0000000000010001011111001011
0000000001000011010111110010
0000000000010111100100111011
0000000000010000011110010011
0000000000011001101100001011
0000000000010001011110101100
0000000000011111100111011100
0000000000011011001001000011
0000000000011000011100001011
0000000000011010000111100100
0000000000010101001111101110
0000000000010100101101001100
0000000000011010100101100000
0000000011010111011001001011
0000000001000100100001110000
0000000000010011100110010001
0000000000010100000111010010
0000000000011111011101100111
0000000000101110010010110100
0000000000010000100001011101
0000000000010111011110101100
0000000000010010010100010011
0000000000010000100111110010
0000000000010110111110101100
0000000000010001100010000010
0000000000100000001010011001
0000000001101100110100001011
0000000000010110000101101010
0000000000010000010100110110
0000000000010010011110101100
0000000000010011001100001001
0000000000010010001011001100
0000000000110000010100010101
0000000000011010000011111110
0000000000110010000111101011
0000000001100000011010100111
0000000000010100111010101000
0000000000100011111001101001
0000000000010001101100110100
0000000000101100111111110110
0000000000010001101011010001
0000000000010001000101101000
0000000000100000011001110010
0000000001010001011001101000
0000000000100001010010100010
0000000000011010000111000010
0000000000010000110001100011
0000000001000110010011101001
0000000000110101000000001010
0000000000011000000011100111
0000000000010111101111101101
0000000000111011001101001000
0000000000011010010100111111
0000000000011011101111100000
0000000000010101100011101110
0000000000010001101101001101
0000000000010110011011111011
0000000000010001110000000101
0000000000010100101110011101
0000000001000101110000100110
0000000000010100100011100011
0000000000011001110011010101
0000000000010000110101001101
0000000000010000010011100100
0000000000011011001110000111
0000000000011010110110000111
0000000000011001000011110100
0000000000010000010010001110
0000000000010010010100110110
0000000000100101110110011011
0000000000100011111111101101
0000000000010111001001001001
0000000000011011100001110000
0000000000110010010011000110
0000000000010111010000101101
0000000000100110111101001011
0000000010001001011100010010
0000000000011011101011101101
0000000001110101011111110010
0000000000010000011100111000
0000000000010100110011001110
0000000000010011001000001010
0000000000011011011001100000
0000000000010001010100110010
0000000000010101110011101111
0000000000010001010101111000
0000000001101110010101101100
0000000000010010100111010101
0000000000100000011011000110
0000000000011000100111001000
0000000000011100001100001101
0000000000010100110010101010
0000000000010101011011111000
0000000000011001111110001110
0000000000010011011100100010
0000000000011111110001001010
0000000000011001110000010110
0000000000010001011100011011
0000000000110100001101001100
0000000000010000101101001101
0000000000010000010101110110
0000000000010000101000111100
0000000000100010100111101000
0000000000110001001101100110
0000000000011010110100001100
0000000000100100100100000111
0000000001011001100011110100
0000000000010010111011011011
0000000000111001111010110001
0000000000010100001000100000
0000000000100011011101110011
0000000000010001011101111011
0000000000110001100100111000
0000000000010011011010010110
0000000000010110001001001101
0000000000010000111000110001
0000000000010000111101010010
0000000000011100101001101111
0000000000010001101010011011
0000000001101100000001110001
0000000000011101101000101001
0000000000011100000000100010
0000000000100001010110000110
0000000000010011101110110100
0000000000010001111010001001
0000000000010011111001111111
0000000000010110111110100110
0000000000111110111110111000
0000000000100110001001101011
0000000000010001010100110100
0000000000010100001011011101
0000000000101011001000010100
0000000000010100001010010010
0000000000011001101100010000
0000000000011011001110111010
0000000000010010101110011110
0000000000010100111010101001
0000000000010100011000101001
0000000000101001101101101110
0000000000010000011011001011
0000000000010000111100111100
0000000000010101100100001101
0000000000011100011111000001
0000000000010000000001100100
0000000000010110100000001101
0000000000010010100111100001
0000000000100100100010110011
0000000000011011000000011110
0000000000101101011100001100
0000000000010001111001110001
0000000000011011100110111010
0000000000100010011001110110
0000000000101110001101100100
0000000000010001100011001011
0000000000011101100110010011
0000000000100000011110100010
0000000000010000101111010101
0000000000011100011000100111
0000000000010010010010000101
0000000000010010111101010111
0000000000100101101000100001
0000000000010100011010011111
0000000000010010101110001101
0000000000010010010010011111
0000000000010100111100101111
0000000000010010000101100110
0000000000011010000101000010
0000000000010011111100101011
0000000000010011011101101100
0000000000011101001100001010
0000000000010010101110000111
0000000000010010001101011011
0000000000010100101101010100
0000000001010001100101001000
0000000000010010101100101111
0000000000010101011101111000
0000000000101110000111101001
0000000000101000011110001001
0000000000101011011101111010
0000000000100011110000010100
0000000000010001111110110000
0000000000010001010011010101
0000000000010010011011100000
0000000000110100111111100000
0000000000110101100110100100
0000000000010001010001001011
0000000000010100111100011001
0000000000011110010100110100
0000000000010010111011100001
0000000000010011001111111000
0000000000010000010110100011
0000000000100010101100100000
0000000000011101111011110100
0000000000101110000111001100
0000000000010000001011001101
0000000000011000100111010100
0000000000010101100100101001
0000000000110001110000100010
0000000000010100001000011000
0000000000110100010100000111
0000000000011001110101001001
0000000000010010101100001000
0000000000010100110001010010
0000000000010000111010001010
0000000000010011001011011010
0000000000010100001101110110
0000000000110110100111010001
0000000000010111001000101001
0000000000010110001011111000
0000000000011111001101101100
0000000000010110000000010001
0000000000101100010001011011
0000000000011110111000111100
0000000001000100001010010110
0000000000010111100100001010
0000000000010000001000001110
0000000000100010101011001111
0000000000010001010010001110
0000000000100101100111001110
0000000000010000010101101101
0000000000010001010111010010
0000000000010001100010010100
0000000000100111001001111110
0000000000011010110011000000
0000000000101000101110111100
0000000000011011010111010101
0000000000010000110001111000
0000000000100000000101000111
0000000000011001001010101100
0000000000011000110100000011
0000000000010001010110110100
0000000000011111000001111101
0000000000101000111110010101
0000000000010000011101111001
0000000011011010011110011100
0000000000100001111000000000
0000000000101101001100000111
0000000000010100000000001010
0000000000011100100010100101
0000000000010011101011100011
0000001010011110011100010101
0000000000010011101100110110
0000000000010001000101001001
0000000000010001111000010111
0000000000010100101100100111
0000000000101101100010100110
0000000000010000000111001000
0000000000010101100011101001
0000000000011001000000001011
0000000000011101101100100011
0000000000011001100001110111
0000000000010101001110101011
0000000000010011011111001100
0000000000010111001000010011
0000000000011011100101000101
0000000000010000001001111010
0000000000010111000000100101
0000000000010101011110100011
0000000000110111011101101101
0000000000011001111111100000
0000000000011011011111101111
0000000000010101000110011010
0000000000010100010010101111
0000000000101110101111100110
0000000000100111010011000110
0000000000011011111101100110
0000000000011100110010011100
0000000010000001011100001010
0000000000010000000001101101
0000000000010001010011100000
0000000001011010011110100100
0000000000010001000110111010
0000000000010100010100110101
0000000000011000111110101010
0000000000010111111010010011
0000000000010110101000011011
0000000000010000010000110111
0000000000100000101111001011
0000000000010011010011010011
0000000000100101001101110111
0000000001100011000000100110
0000000001110001010101011101
0000000000110100011111101110
0000000000010001011111011110
0000000001000011010011100010
0000000100100000100110010010
0000000000011011101000100101
0000000001100111010011000111
0000000000010001000001101110
0000000001010110010100110110
0000000000010101101111110100
0000000001010110111111110011
0000000000010001101100100001
0000000101110101000001011011
0000000000010000111100110101
0000000000110101010010111100
0000000000010000100010010111
0000000000010110000100010011
0000000000010010000001011010
0000000000011000010001111000
0000000000010001000111000001
0000000000010000110101011110
0000000000100001101100100010
0000000001110001001010000100
0000000000010000011011001101
0000000001101010110000110100
0000000000010100011011010011
0000000000010000100000100110
0000000000011010010011101000
0000000000010001000001111111
0000000000010100100001000010
0000000000100001001011001000
0000000000011000110001101010
0000000000011001001111000100
0000000000011001001101001110
0000000000010000100101010111
0000000000010010111111011000
0000000000010010000111001001
0000000000100010010000000100
0000000000010111000101000010
0000000000111101111100011000
0000000000011001101001000111
0000000001000111101111010011
