0000000000000000
0000000001000001
0000000010000011
0000000011000100
0000000100000110
0000000101000111
0000000110001001
0000000111001010
0000001000001100
0000001001001101
0000001010001111
0000001011010000
0000001100010010
0000001101010011
0000001110010101
0000001111010111
0000010000011000
0000010001011010
0000010010011011
0000010011011101
0000010100011110
0000010101100000
0000010110100001
0000010111100011
0000011000100100
0000011001100110
0000011010100111
0000011011101001
0000011100101010
0000011101101100
0000011110101110
0000011111101111
0000100000110001
0000100001110010
0000100010110100
0000100011110101
0000100100110111
0000100101111000
0000100110111010
0000100111111011
0000101000111101
0000101001111110
0000101011000000
0000101100000010
0000101101000011
0000101110000101
0000101111000110
0000110000001000
0000110001001001
0000110010001011
0000110011001100
0000110100001110
0000110101001111
0000110110010001
0000110111010010
0000111000010100
0000111001010101
0000111010010111
0000111011011001
0000111100011010
0000111101011100
0000111110011101
0000111111011111
0001000000100000
0001000001100010
0001000010100011
0001000011100101
0001000100100110
0001000101101000
0001000110101001
0001000111101011
0001001000101100
0001001001101110
0001001010110000
0001001011110001
0001001100110011
0001001101110100
0001001110110110
0001001111110111
0001010000111001
0001010001111010
0001010010111100
0001010011111101
0001010100111111
0001010110000000
0001010111000010
0001011000000100
0001011001000101
0001011010000111
0001011011001000
0001011100001010
0001011101001011
0001011110001101
0001011111001110
0001100000010000
0001100001010001
0001100010010011
0001100011010100
0001100100010110
0001100101010111
0001100110011001
0001100111011011
0001101000011100
0001101001011110
0001101010011111
0001101011100001
0001101100100010
0001101101100100
0001101110100101
0001101111100111
0001110000101000
0001110001101010
0001110010101011
0001110011101101
0001110100101110
0001110101110000
0001110110110010
0001110111110011
0001111000110101
0001111001110110
0001111010111000
0001111011111001
0001111100111011
0001111101111100
0001111110111110
0001111111111111
0010000001000001
0010000010000010
0010000011000100
0010000100000110
0010000101000111
0010000110001001
0010000111001010
0010001000001100
0010001001001101
0010001010001111
0010001011010000
0010001100010010
0010001101010011
0010001110010101
0010001111010110
0010010000011000
0010010001011001
0010010010011011
0010010011011101
0010010100011110
0010010101100000
0010010110100001
0010010111100011
0010011000100100
0010011001100110
0010011010100111
0010011011101001
0010011100101010
0010011101101100
0010011110101101
0010011111101111
0010100000110000
0010100001110010
0010100010110100
0010100011110101
0010100100110111
0010100101111000
0010100110111010
0010100111111011
0010101000111101
0010101001111110
0010101011000000
0010101100000001
0010101101000011
0010101110000100
0010101111000110
0010110000001000
0010110001001001
0010110010001011
0010110011001100
0010110100001110
0010110101001111
0010110110010001
0010110111010010
0010111000010100
0010111001010101
0010111010010111
0010111011011000
0010111100011010
0010111101011011
0010111110011101
0010111111011111
0011000000100000
0011000001100010
0011000010100011
0011000011100101
0011000100100110
0011000101101000
0011000110101001
0011000111101011
0011001000101100
0011001001101110
0011001010101111
0011001011110001
0011001100110011
0011001101110100
0011001110110110
0011001111110111
0011010000111001
0011010001111010
0011010010111100
0011010011111101
0011010100111111
0011010110000000
0011010111000010
0011011000000011
0011011001000101
0011011010000110
0011011011001000
0011011100001010
0011011101001011
0011011110001101
0011011111001110
0011100000010000
0011100001010001
0011100010010011
0011100011010100
0011100100010110
0011100101010111
0011100110011001
0011100111011010
0011101000011100
0011101001011101
0011101010011111
0011101011100001
0011101100100010
0011101101100100
0011101110100101
0011101111100111
0011110000101000
0011110001101010
0011110010101011
0011110011101101
0011110100101110
0011110101110000
0011110110110001
0011110111110011
0011111000110101
0011111001110110
0011111010111000
0011111011111001
0011111100111011
0011111101111100
0011111110111110
0011111111111111
0100000001000001
0100000010000010
0100000011000100
0100000100000101
0100000101000111
0100000110001000
0100000111001010
0100001000001100
0100001001001101
0100001010001111
0100001011010000
0100001100010010
0100001101010011
0100001110010101
0100001111010110
0100010000011000
0100010001011001
0100010010011011
0100010011011100
0100010100011110
0100010101011111
0100010110100001
0100010111100011
0100011000100100
0100011001100110
0100011010100111
0100011011101001
0100011100101010
0100011101101100
0100011110101101
0100011111101111
0100100000110000
0100100001110010
0100100010110011
0100100011110101
0100100100110111
0100100101111000
0100100110111010
0100100111111011
0100101000111101
0100101001111110
0100101011000000
0100101100000001
0100101101000011
0100101110000100
0100101111000110
0100110000000111
0100110001001001
0100110010001010
0100110011001100
0100110100001110
0100110101001111
0100110110010001
0100110111010010
0100111000010100
0100111001010101
0100111010010111
0100111011011000
0100111100011010
0100111101011011
0100111110011101
0100111111011110
0101000000100000
0101000001100001
0101000010100011
0101000011100101
0101000100100110
0101000101101000
0101000110101001
0101000111101011
0101001000101100
0101001001101110
0101001010101111
0101001011110001
0101001100110010
0101001101110100
0101001110110101
0101001111110111
0101010000111001
0101010001111010
0101010010111100
0101010011111101
0101010100111111
0101010110000000
0101010111000010
0101011000000011
0101011001000101
0101011010000110
0101011011001000
0101011100001001
0101011101001011
0101011110001100
0101011111001110
0101100000010000
0101100001010001
0101100010010011
0101100011010100
0101100100010110
0101100101010111
0101100110011001
0101100111011010
0101101000011100
0101101001011101
0101101010011111
0101101011100000
0101101100100010
0101101101100011
0101101110100101
0101101111100111
0101110000101000
0101110001101010
0101110010101011
0101110011101101
0101110100101110
0101110101110000
0101110110110001
0101110111110011
0101111000110100
0101111001110110
0101111010110111
0101111011111001
0101111100111011
0101111101111100
0101111110111110
0101111111111111
0110000001000001
0110000010000010
0110000011000100
0110000100000101
0110000101000111
0110000110001000
0110000111001010
0110001000001011
0110001001001101
0110001010001110
0110001011010000
0110001100010010
0110001101010011
0110001110010101
0110001111010110
0110010000011000
0110010001011001
0110010010011011
0110010011011100
0110010100011110
0110010101011111
0110010110100001
0110010111100010
0110011000100100
0110011001100110
0110011010100111
0110011011101001
0110011100101010
0110011101101100
0110011110101101
0110011111101111
0110100000110000
0110100001110010
0110100010110011
0110100011110101
0110100100110110
0110100101111000
0110100110111001
0110100111111011
0110101000111101
0110101001111110
0110101011000000
0110101100000001
0110101101000011
0110101110000100
0110101111000110
0110110000000111
0110110001001001
0110110010001010
0110110011001100
0110110100001101
0110110101001111
0110110110010000
0110110111010010
0110111000010100
0110111001010101
0110111010010111
0110111011011000
0110111100011010
0110111101011011
0110111110011101
0110111111011110
0111000000100000
0111000001100001
0111000010100011
0111000011100100
0111000100100110
0111000101101000
0111000110101001
0111000111101011
0111001000101100
0111001001101110
0111001010101111
0111001011110001
0111001100110010
0111001101110100
0111001110110101
0111001111110111
0111010000111000
0111010001111010
0111010010111011
0111010011111101
0111010100111111
0111010110000000
0111010111000010
0111011000000011
0111011001000101
0111011010000110
0111011011001000
0111011100001001
0111011101001011
0111011110001100
0111011111001110
0111100000001111
0111100001010001
0111100010010010
0111100011010100
0111100100010110
0111100101010111
0111100110011001
0111100111011010
0111101000011100
0111101001011101
0111101010011111
0111101011100000
0111101100100010
0111101101100011
0111101110100101
0111101111100110
0111110000101000
0111110001101010
0111110010101011
0111110011101101
0111110100101110
0111110101110000
0111110110110001
0111110111110011
0111111000110100
0111111001110110
0111111010110111
0111111011111001
0111111100111010
0111111101111100
0111111110111101
0111111111111111
1000000001000001
1000000010000010
1000000011000100
1000000100000101
1000000101000111
1000000110001000
1000000111001010
1000001000001011
1000001001001101
1000001010001110
1000001011010000
1000001100010001
1000001101010011
1000001110010100
1000001111010110
1000010000011000
1000010001011001
1000010010011011
1000010011011100
1000010100011110
1000010101011111
1000010110100001
1000010111100010
1000011000100100
1000011001100101
1000011010100111
1000011011101000
1000011100101010
1000011101101100
1000011110101101
1000011111101111
1000100000110000
1000100001110010
1000100010110011
1000100011110101
1000100100110110
1000100101111000
1000100110111001
1000100111111011
1000101000111100
1000101001111110
1000101010111111
1000101100000001
1000101101000011
1000101110000100
1000101111000110
1000110000000111
1000110001001001
1000110010001010
1000110011001100
1000110100001101
1000110101001111
1000110110010000
1000110111010010
1000111000010011
1000111001010101
1000111010010110
1000111011011000
1000111100011010
1000111101011011
1000111110011101
1000111111011110
1001000000100000
1001000001100001
1001000010100011
1001000011100100
1001000100100110
1001000101100111
1001000110101001
1001000111101010
1001001000101100
1001001001101110
1001001010101111
1001001011110001
1001001100110010
1001001101110100
1001001110110101
1001001111110111
1001010000111000
1001010001111010
1001010010111011
1001010011111101
1001010100111110
1001010110000000
1001010111000001
1001011000000011
1001011001000101
1001011010000110
1001011011001000
1001011100001001
1001011101001011
1001011110001100
1001011111001110
1001100000001111
1001100001010001
1001100010010010
1001100011010100
1001100100010101
1001100101010111
1001100110011001
1001100111011010
1001101000011100
1001101001011101
1001101010011111
1001101011100000
1001101100100010
1001101101100011
1001101110100101
1001101111100110
1001110000101000
1001110001101001
1001110010101011
1001110011101100
1001110100101110
1001110101110000
1001110110110001
1001110111110011
1001111000110100
1001111001110110
1001111010110111
1001111011111001
1001111100111010
1001111101111100
1001111110111101
1001111111111111
1010000001000000
1010000010000010
1010000011000011
1010000100000101
1010000101000111
1010000110001000
1010000111001010
1010001000001011
1010001001001101
1010001010001110
1010001011010000
1010001100010001
1010001101010011
1010001110010100
1010001111010110
1010010000010111
1010010001011001
1010010010011011
1010010011011100
1010010100011110
1010010101011111
1010010110100001
1010010111100010
1010011000100100
1010011001100101
1010011010100111
1010011011101000
1010011100101010
1010011101101011
1010011110101101
1010011111101110
1010100000110000
1010100001110010
1010100010110011
1010100011110101
1010100100110110
1010100101111000
1010100110111001
1010100111111011
1010101000111100
1010101001111110
1010101010111111
1010101100000001
1010101101000010
1010101110000100
1010101111000101
1010110000000111
1010110001001001
1010110010001010
1010110011001100
1010110100001101
1010110101001111
1010110110010000
1010110111010010
1010111000010011
1010111001010101
1010111010010110
1010111011011000
1010111100011001
1010111101011011
1010111110011101
1010111111011110
1011000000100000
1011000001100001
1011000010100011
1011000011100100
1011000100100110
1011000101100111
1011000110101001
1011000111101010
1011001000101100
1011001001101101
1011001010101111
1011001011110000
1011001100110010
1011001101110100
1011001110110101
1011001111110111
1011010000111000
1011010001111010
1011010010111011
1011010011111101
1011010100111110
1011010110000000
1011010111000001
1011011000000011
1011011001000100
1011011010000110
1011011011000111
1011011100001001
1011011101001011
1011011110001100
1011011111001110
1011100000001111
1011100001010001
1011100010010010
1011100011010100
1011100100010101
1011100101010111
1011100110011000
1011100111011010
1011101000011011
1011101001011101
1011101010011111
1011101011100000
1011101100100010
1011101101100011
1011101110100101
1011101111100110
1011110000101000
1011110001101001
1011110010101011
1011110011101100
1011110100101110
1011110101101111
1011110110110001
1011110111110010
1011111000110100
1011111001110110
1011111010110111
1011111011111001
1011111100111010
1011111101111100
1011111110111101
1011111111111111
1100000001000000
1100000010000010
1100000011000011
1100000100000101
1100000101000110
1100000110001000
1100000111001001
1100001000001011
1100001001001101
1100001010001110
1100001011010000
1100001100010001
1100001101010011
1100001110010100
1100001111010110
1100010000010111
1100010001011001
1100010010011010
1100010011011100
1100010100011101
1100010101011111
1100010110100001
1100010111100010
1100011000100100
1100011001100101
1100011010100111
1100011011101000
1100011100101010
1100011101101011
1100011110101101
1100011111101110
1100100000110000
1100100001110001
1100100010110011
1100100011110100
1100100100110110
1100100101111000
1100100110111001
1100100111111011
1100101000111100
1100101001111110
1100101010111111
1100101100000001
1100101101000010
1100101110000100
1100101111000101
1100110000000111
1100110001001000
1100110010001010
1100110011001100
1100110100001101
1100110101001111
1100110110010000
1100110111010010
1100111000010011
1100111001010101
1100111010010110
1100111011011000
1100111100011001
1100111101011011
1100111110011100
1100111111011110
1101000000011111
1101000001100001
1101000010100011
1101000011100100
1101000100100110
1101000101100111
1101000110101001
1101000111101010
1101001000101100
1101001001101101
1101001010101111
1101001011110000
1101001100110010
1101001101110011
1101001110110101
1101001111110110
1101010000111000
1101010001111010
1101010010111011
1101010011111101
1101010100111110
1101010110000000
1101010111000001
1101011000000011
1101011001000100
1101011010000110
1101011011000111
1101011100001001
1101011101001010
1101011110001100
1101011111001110
1101100000001111
1101100001010001
1101100010010010
1101100011010100
1101100100010101
1101100101010111
1101100110011000
1101100111011010
1101101000011011
1101101001011101
1101101010011110
1101101011100000
1101101100100001
1101101101100011
1101101110100101
1101101111100110
1101110000101000
1101110001101001
1101110010101011
1101110011101100
1101110100101110
1101110101101111
1101110110110001
1101110111110010
1101111000110100
1101111001110101
1101111010110111
1101111011111000
1101111100111010
1101111101111100
1101111110111101
1101111111111111
1110000001000000
1110000010000010
1110000011000011
1110000100000101
1110000101000110
1110000110001000
1110000111001001
1110001000001011
1110001001001100
1110001010001110
1110001011010000
1110001100010001
1110001101010011
1110001110010100
1110001111010110
1110010000010111
1110010001011001
1110010010011010
1110010011011100
1110010100011101
1110010101011111
1110010110100000
1110010111100010
1110011000100011
1110011001100101
1110011010100111
1110011011101000
1110011100101010
1110011101101011
1110011110101101
1110011111101110
1110100000110000
1110100001110001
1110100010110011
1110100011110100
1110100100110110
1110100101110111
1110100110111001
1110100111111010
1110101000111100
1110101001111110
1110101010111111
1110101100000001
1110101101000010
1110101110000100
1110101111000101
1110110000000111
1110110001001000
1110110010001010
1110110011001011
1110110100001101
1110110101001110
1110110110010000
1110110111010010
1110111000010011
1110111001010101
1110111010010110
1110111011011000
1110111100011001
1110111101011011
1110111110011100
1110111111011110
1111000000011111
1111000001100001
1111000010100010
1111000011100100
1111000100100101
1111000101100111
1111000110101001
1111000111101010
1111001000101100
1111001001101101
1111001010101111
1111001011110000
1111001100110010
1111001101110011
1111001110110101
1111001111110110
1111010000111000
1111010001111001
1111010010111011
1111010011111100
1111010100111110
1111010110000000
1111010111000001
1111011000000011
1111011001000100
1111011010000110
1111011011000111
1111011100001001
1111011101001010
1111011110001100
1111011111001101
1111100000001111
1111100001010000
1111100010010010
1111100011010100
1111100100010101
1111100101010111
1111100110011000
1111100111011010
1111101000011011
1111101001011101
1111101010011110
1111101011100000
1111101100100001
1111101101100011
1111101110100100
1111101111100110
1111110000100111
1111110001101001
1111110010101011
1111110011101100
1111110100101110
1111110101101111
1111110110110001
1111110111110010
1111111000110100
1111111001110101
1111111010110111
1111111011111000
1111111100111010
1111111101111011
1111111110111101
