0000000110110000
0000000101101011
0000000100111001
0000000100010100
0000000011110110
0000000011100000
0000000011001101
0000000010111111
0000000010110010
0000000010101000
0000000010100000
0000000010011000
0000000010010010
0000000010001100
0000000010000111
0000000010000010
0000000001111110
0000000001111010
0000000001110111
0000000001110100
0000000001110001
0000000001101110
0000000001101011
0000000001101001
0000000001100111
0000000001100101
0000000001100011
0000000001100001
0000000001011111
0000000001011101
0000000001011011
0000000001011001
0000000001010110
0000000001010011
0000000001010001
0000000001001110
0000000001001010
0000000001000110
0000000001000001
0000000000111100
0000000000110111
0000000000101111
0000000000101001
0000000000100000
0000000000010111
0000000000001110
0000000000000101
1011100110111101
1101101011010101
1010000000100110
0101011011010001
1100111001111111
1110010001000101
1101001001100001
0100011111011110
1000011001110100
1011010010001100
0101100110110000
0101000100001100
0111100011000001
0011110110010000
0000110111110111
0100000111001000
0011010100011100
0111111010001011
0010010100110000
0111001001110011
0010101110100110
1010110011000010
0011100110010111
1000100100110010
0100100011010100
1010100011111011
0110101110000100
1100110000101101
1111100101100111
0010010001101110
1001001100111111
0001010110001110
1010111001000000
1011010000010111
0101110000011011
1111100001001010
0110111011100111
1111010000101011
0101111101011010
0010011111011101
0101100010001000
0101011010111101
1001111010101010
1111111111110001
0111101010001010
1011011010110011
1011100011000011
1001011001001101
0000000000110100
0010011011100110
0111001011100001
1011001010000100
1101001100110011
1001011101111010
0011110111000011
1110011001010111
1101010110111111
1001100010000010
1111000010111110
1100110110110111
0111110010111110
1011111101100001
0011111010100001
0010000111000110
1001011110001011
0000001111010000
0100100110110111
1001100001010100
0011110111101011
1101000011001000
1010011110111101
0101001100011000
1110001000101001
0001111001001100
0010010000100000
1011010011100010
0011101101101101
1010010000110111
1111010100001100
1111011100011110
0000000010111111
1001111001000010
0111011110101101
0000011011101100
1001100010111111
1011000010111111
0010100110001100
1010010001111001
1011001001001110
1100001001010111
1001000001111001
1010100110101010
0111100101000010
1011110010101101
0000000001100011
1110011101100000
0001011110101011
1110100111010010
0000110110011000
0001001000100000
1001000110001010
0000001111011000
1001010111101101
0100010010111010
0010101001011100
1000101101100001
1011110110000111
0100100100010001
1111000010111110
1010101001110000
1000011110010011
1010101011011110
1010001001100111
0000001011000100
0000100101011011
1111001001010001
1110010011000001
1110100110001001
1100111011011011
0001111011010011
1100001101010000
0001111111100010
1001001011100100
0101011100011010
1011000110000011
1001010100001100
0110011001000001
0000111100100111
1001110000110111
1110000100001110
1000011001001001
0011111111000011
0100000111000101
1111100011100111
1010011000001010
1100110111111011
1101101101110011
1000001010100000
1010001000010110
0100101001001001
0010011111111000
0000010101010110
1110100011101001
0011111001000001
0101111000110111
1011011101110110
1111111011000011
1010110110100100
0001111100100000
1111010000000010
0111000111001000
1100010101111110
1010111100101110
0110001000011110
0000101101011101
1011001100101101
0010000100101111
0100110101110111
1101110101010010
0100000110010110
1100001110100010
1001000100000111
1110100001010101
0011100111000101
0011000110010101
0111010111101100
1001000110010010
1101011100010010
1101001011001100
0001111110100110
0001001010010011
1011100101110011
1101110011000001
1011101100101011
0011100111011111
0010111011001111
1010010110100010
0001111000111100
0000000000010011
1100101100100110
0000011011001011
1010011111001111
0001010010001001
0111010000101010
0001010110100100
1011001001111111
0011001001001110
1110000000001001
0000101101001101
1111101001101100
1101011100100110
1101100011001110
0000000111000100
0110110111110001
0110011000001000
0000100011000010
0010101100010001
1110110110000001
0101100001001101
1100111010110111
1010111101001100
0000000100000011
1111101000101000
0110001100111010
1110000101011000
0000000011100101
0110001001110111
1001010000010111
0000111111010010
0110001000101111
1100011111001010
1110001101111110
0101100011010111
1111001110101011
1100000111000111
0100101010111111
0011011111101100
1110010010011101
1101111101000010
1111001101001010
0100001011001110
0011111100011100
1101000100001101
1011101110010000
0111111001010011
0110111111100011
0101000101000011
1000100100111000
0001000010100101
1111101000111101
0000101010110110
1010010100111111
0010011100110100
1000101101100101
0001011101111011
0000110111011000
1111001100110010
1011110101100111
0101011011101011
0101011110011011
0110011110010000
0111000001011100
1001110000000011
0011101000110010
0101101101001101
0010000001110010
0110100000010110
1101100100100111
0101100011110111
0100101001000000
0110100000100111
0101010110011110
1010100010000101
1011100111001010
1110101101010001
1111101111011000
1101011000101011
0001100000101110
1011100101111100
1000010111000010
0111101010000010
1010000010100111
0110000010100101
0001011100000100
1100110001011110
1000101100110011
0011111100001111
0100010110001000
1010001010000110
1001100101010110
1101000011100110
0110000101001110
1110011100000011
1000000111001010
1001011111110010
1010011001100110
0010110100010111
0100101111010110
1001110011001110
0110000011001110
1011010000010101
0010100101000100
1010010010110011
0100010001110001
1011100000001100
1101010111111000
0100110011011111
0111010010001011
1001011111101010
0000000010010101
1001000010110101
0100110010111111
0111100101100001
0001001101101011
0100000011100000
1000010000101111
1101001110101111
1110001110000010
0001110101010010
0111111001001001
0011011110001000
0011010001010000
1010010110101010
1011101100010000
0001000010110000
1010100010110011
1011011010100010
0101100111000010
1111110111000111
0101011000000101
0000100110110110
0000011001011011
1010101001010001
1010011011100100
1000110011100001
1011101111010011
0001111011001100
1111001010011110
1100111111101001
0100101010110100
0001010101001100
0110101111111101
0110010100110001
0000001000101011
1000010010001001
1111111110010011
0010011011111001
0001101000110101
1010100000100110
1001011011110111
1101101000111011
1111110011010111
1001110000111000
1110011000100111
0110001000110010
0001111000000101
1000111101110111
0100010110001101
0111001110010011
1111111000100011
0101101101010001
0001110110011000
0010101011100011
1101101001011000
1110111010010100
1010010101100100
1011110101010111
0000111000110111
0101110111110010
0110111101101100
0011100000110000
0101010000010011
0001110010100011
0000001111111000
0111111110011000
1011011001000001
1000010011001001
0010111111011001
0101111100000110
1011100110001111
1010111100111000
1010101110111010
0101101110101010
0000100001011001
0011100011111110
0100111010110011
0000111001100111
0010100011000100
1110001111001111
0100100111000111
1101100010001110
1011101110111000
1011100001110010
1110001011011000
1001001000001000
0000011110110010
1000111111000100
0000110100100000
0011000110000100
0000010100011010
0000011101000100
0100010110110110
0110010011010001
0011010110011010
0111100100111010
0111101010111001
1000100010000100
0101100001101111
0100010110101101
1001111000010100
0010000011100111
1100000001101001
0000011110010101
0010001011010101
1010110100010110
1001100100101110
0101010011111000
1010001000111011
0011011110011000
0110001001101111
1011111100001010
1101011001111101
1100111110100110
0000111001100100
0101110001001101
0010100111111011
0110111101111101
1100100101000100
1000111111110000
0101001110000010
0111011000001001
1011011110111000
1000001010111100
0000011110100111
1000101110111100
1010010100111010
0101101101110100
1011101011011001
0100111000001011
1110011110000010
1010000101010001
1001101010010010
1101001111010100
0110100101010000
1110010100101110
1011110010101110
1011010101100101
1111000110011100
0001001100000110
0100001111001010
0101100111111011
1100001111001000
0110001001110101
0011111101111010
1011111010111000
1111101011101111
0011010000010100
0001010111001101
1001111010000100
0100011110000101
1001110100000110
0110111010011000
0110011100111000
0100010111010100
1001011010010111
0001001101101101
0111000111111001
1000000010010110
0100110000110010
0101101011011011
1110111010100111
1110011010100111
0101001001010011
0000110111111100
0100111011010010
0000110100110011
1011101000000100
1111110110010001
0110010011010001
1001111110010001
0000101011110100
0001101111111000
1001111100101010
0011110101001011
0000110101001110
0111110110010101
1111110001001000
1111010101001101
0000000000011000
1000110010000011
1110001100011010
1100100111101000
1011000101110001
0010100010011101
1100000010010011
1000101101010111
0111000110010100
0000110111001100
1001101000100001
0011100010011110
1110100111011100
1111111111110110
0110011000010100
1000001100010110
0011100110010101
0110010010100000
0010000000101101
0011011000010010
1110110111000001
1011110001101011
0110111010100001
1111011101000011
1000101011011010
0111011100111101
0110011100010011
1001111010011010
0100111001010110
0010110000110100
0010110000101000
1011100111010111
0101111000100011
1000100000011101
1110110000111000
0011110011010101
1000100110111000
0001101100100110
0000110101011001
1111010000000101
0001000001110111
1011011011001111
1100101000001110
0111001110110000
0101001011011111
1111101010101001
0110000011001111
1010010110100111
0011101101010101
1000001110011011
0111011100100010
0001111100100001
0011001000010111
0010110010110101
0010100001010110
1000000101101010
0100110010001100
0011011000110010
0111100000010110
0111110010101110
0100100001011100
1100100000011111
0111101011001011
1010100011001101
0110000101111010
1100011101000011
0100111101011010
1000100001011010
1000100001000001
1100011010010110
1000011010011000
1001001011100111
0000100110101101
0000011111111100
1000101001010001
0100111011001000
1101011101101101
1110110000111001
0100111111010111
1111011001001001
0101001001101000
0110111101001111
0100001010101000
1100100100110111
0000100101100010
0101010000111100
1100001011010010
1110001001110001
0000111100011001
0101000011000101
0010101110011010
0010011000011101
0101010110101101
0101111111011000
1100111011000101
1010111000110000
1111011001010010
0101110111111110
1101111101001001
0101000000110000
1001101100001101
1011111000101011
0110100111101001
1001111110000101
1010101011100111
0110001011000010
0110001101101101
0111100100001001
0001110001101010
0101100001110110
1110101010011111
0110111010101110
0110111000110001
0000001001100001
1000111110010011
1110010100011100
0110100100101001
1011010111001001
0100100110000010
0010000010101101
1101001100001101
0110111010010100
1101010010011110
0010100001001111
0011101000000111
0011101000110011
1010111010100000
0011000110101100
1111000111100001
1100101110111110
1010101101001100
1100010101101001
1110011011101110
1111101111000001
0011101011001000
1100110111010001
0010110000101000
1111010111110101
1101111001100111
0011100100010101
1010011010101101
1110001111100110
1111101101000110
1101100001100000
1000010100101101
1011111000100100
0000011000000010
1011001001100011
1111100010101011
0101000011101101
1010001000001101
0111101000111110
1000010010011011
1001001011100001
1001001111100010
1000100110010110
1100000011110011
0010010000001101
1100011111010110
1001111001110100
0000111111010010
1001010001010011
1011111111000100
0110101010000110
1000110000110110
1000111101111111
1011000011111010
1100010000000001
1111110110110000
0101111101110010
1011111001010110
1100100000011101
1101001000011001
1001011010000000
0000100000001001
0110101011101000
0101010001000111
0110000101111100
1100110101010011
0110111100000011
0000111111101101
0001101101111001
1111101101010100
1111011110110010
1010000111010001
0010001110001010
0001001101100100
1110100111000101
1110110100010000
1100001101011100
1100100100001010
1110000101010101
1010011000010011
1101110010101000
0001010110110010
1010010011110011
1111001100111010
1110110010110100
0111001001000110
1010101010010111
1010110110101011
0101011000001010
0010100101110001
0011000000001010
1001111101001101
0011101001101110
0101010110100000
1100100010010110
1000011011001101
0110000001001010
0101100101001101
0011110011000110
0000001111000001
1101101111000111
0000010011101101
0100101011111101
0010110011010101
0110011010101000
1000000110111111
0010010110011001
0100101000101000
0110001000001001
1110100001000001
0011001101010100
0010001100000100
1110011111000011
1100001110000100
1101110110101101
1110010010110010
1011011010000000
1001010101111000
1001001000101110
1101101110100000
1001100101011010
0101110001000011
0001100100101001
0111000010001101
0111101001101010
0111001001110111
0100010100001110
0010010010011100
0101111000101101
1010010111011000
0001110100011110
0111111000001111
1100011011111111
1100000001110001
1101101101101101
0110101010011001
1010001011010110
0010011100111010
0011101000001001
1011110000001111
1001000001000100
0100110101001001
1111100101100011
0111100111110011
1101011001110011
1111101101010100
1011101011010111
1011110001011111
1000001101111010
0010011000111100
0011100011111111
0000001111000110
1111101010100011
1010010111010000
0001111100011101
1010110011010110
1011001100000101
1000111011101000
1101010110101011
1110110000110000
1110100001101010
1111100111011100
0110111111110100
1010111011111111
1010000101011110
0100001010001100
0100000000011010
1111100101000111
0011100111010011
1100010100000001
0110100110111000
0001001100001000
1100011100000011
1000000110010111
0110011100000010
1101100111101110
0010010000000101
1011101011110000
1001010001001011
1010011000000010
0111111100110111
0010000010011100
0000111010100011
0101100111000000
0001111100101010
0111111010001100
0111101000001001
1010001111010110
0111000000110001
0010110001011001
1011100011110010
0010000110011101
1011011000000111
0011001111110000
1010101110011111
1111000101000100
1000010011001000
1110011111001100
0100011000010110
1101111101110011
0101100000001010
0111010100101011
0011010110011011
1101000010101100
1100001011101000
0110101010011110
0101111111111010
0100000001011100
0110010000001110
0110101110110110
0011100101110110
0010001110011110
1101011111001010
0100100001011110
0111101011010000
0100101111110011
0010000111110000
0101001110001110
1101101101001000
0000010011111100
1001101000000011
1101111010001111
1010111000100000
0100101100111011
0111111101111010
0001101111011001
0100011001011110
1001101100001100
1101001111011011
1101001010000110
1101000100000111
0100000011111010
0101010001101101
0100110101011100
1101111011110010
0110101101001110
1001101011110011
0111000110110001
1111101101001011
0000110100110101
0010010101000011
0101010000100010
1001001101000010
0101111010010011
1110010010100001
1110011110000100
0011110000011110
1101110110110100
1100011111111110
1101101110111110
0110001001111010
1010000001111000
1110011101100100
0000100110101110
1001101010000111
0001010000101000
0110111001000100
0100100001000111
0111111001000101
1110011001010111
1100110010110100
0011011100110100
1001101011001011
1001100100110110
1101111100110001
1011011110000100
0111101100101000
1010011001110100
1100010111011110
1111111100111110
0101100101010100
1001001011000101
0100111111100100
1101001110011101
1100001101001001
0000000001110001
1000111011011111
1100100010111101
1000011001001011
1011001011000011
0101000110011011
0110101110010101
0101001110101110
0110011011110001
1111101000100011
0000010101001001
0011011010010001
1111000100000011
1001011110011110
1011101011110110
1100110101000001
0011001000110011
1011101100111001
1110011101111011
1101101000111110
0000010000000000
0011111010010000
1111111111011000
0111010011000010
1101000100101011
0101111011001001
0011101011010111
0100100010111100
1011110110010110
1000100011010110
0001001011100101
0111110110001000
1000000111110001
0101000110110000
1110101000011001
1000111101001000
0101111101101010
1101100010100000
0010100000110111
1111000001101100
0000101000011101
1100010101101110
1100001000011100
0011110000000111
1101011011011101
0011111001001010
1100100011111000
0100010110011011
1011011001110010
1111100110001101
0011010001011001
0110000010101000
0011101101101010
1100010111101000
1000110110101100
1001110011110111
1000001100101111
0101001110010100
0010011010111110
0101100010011111
1000101000100010
0101100000001010
0100110110101100
1011100011000101
0100010101110011
0001000000010001
1110101110100111
0110000011010111
0000010000001111
0011011011111111
1100010110010001
1110010000010111
1001101101000110
1010000000011001
1100110110100000
0110110101001010
1110010100010101
1111100110010010
1010011010001111
0110110111010000
1110101111111111
1110010000001001
1110001100111110
1001010111100010
0111111011111100
0111010011000101
0110111000100001
0100110110011101
0010111111010001
1001011000101000
0110111001110100
1110101000011110
0011000110111111
1000101110111100
0110110101110101
0100100110001001
0111100110000111
