0000000000000000
0001101000000011
1100110101111111
0101110111100010
0010100110110011
1001101110100101
0011100000100111
1110011001111001
1010101110010101
1111010010000001
1101011011111110
0001101001100100
1110000111011100
1110110110010110
0000000011010100
1000010100100101
0111100011001101
0001101011100001
1011111100001111
1001011010100101
1010001101101100
0011110101010111
0110011000101000
1110100010011001
0010001101100000
0100000011101100
0000101010001100
0101110011011110
0110000000111110
1001101101111001
1111111011011100
0000111001111001
1000100001111010
1111001111100100
1111011001110000
1000011110000110
1011101111000110
0100110001000100
1100101001110000
1110110001101001
0110011110110010
0100000001000010
0001011100000101
1010100101000000
0100000000111100
1010101001000110
1000101110111110
1011011100001001
1011001110011101
0001011001000001
0000011110111101
0010110100111011
1011111100011001
0100110001000011
1111001110100000
0000110011000011
1110110100000100
1001110111100000
1111101000000110
1100100010101001
0111000111000011
0101111110010111
1010110101100000
1111001101000100
1011000111001110
0001101100011000
0000100101010001
0010000111100100
1111011000111000
1010110110001110
1110100111010010
0100110111111101
1011011111111101
0001000010000100
0010101110000000
1101100111001110
0011011111101000
0100010101111001
1011111100110110
0101110001000110
0100001100011000
0110101011101010
0010011101010011
1111001011101011
0110011001101100
1001010000111011
0101101111000110
0001000001111011
1001111110010110
1010011001011011
1010000101000100
1110110101110101
1110110111101011
0110001010011110
0001110100011101
1011110101101110
0000110010010011
0101001111110101
1100100010010101
1010110010101101
0111111000000101
0000101011000111
1101111001000110
0000101111010110
0001010001011101
1100110110011100
0100011001000100
0011010000101001
1111101010100111
1110101000000000
1111010010110011
0100110101000101
0000100101111111
0010001000100100
1111010101101111
1011000100101000
1001100110011100
0110001100111001
0111110101101101
0011000011110010
1100010110010110
1000111111011010
0010010111011101
1111011101110110
1011100111101001
0110000100101011
0001110101000000
0101011011111111
0110010010011000
1111101011101010
1101110100010100
1011110010001111
1101111011000110
0011011011011000
0011011110110111
1011010010010110
0001101110001011
1000000100101001
1010000000101010
1110000010110010
1100011001000011
1001100101010110
0101100000001001
1101010010001111
0000101101110011
1101110111011001
1011001100100100
1010010000000001
1011100001100111
1110111100110101
0111111100011000
0101000111000010
1111110000110000
1010011000001110
1101100010000001
1000000110010010
0001110011101001
1001000010111111
0000000010011010
1010100000001010
0110111111011100
1111010101001001
1111100011110001
1000110111110100
1000101011110101
0011111010110101
0000110110111001
1110011110000001
1001101111110100
1111000101100110
1101111010111011
1000001110110011
0110100011100011
1010101001001110
1001010110110101
1111001110000101
1110010001110010
0101010001001100
0000111101011101
0111010110001111
0000010011011001
1110001010011111
0110100000100000
1110011100101010
0101011011010001
0010100110010110
1110001111100000
1011110100100001
0000000100100111
1100100100011111
1010100011001100
1110010100110110
1001010111001001
1000011011000011
0000100001011111
0111000101101110
0010010001000001
0011111011101111
0100100011111001
0010101100111011
1101011000001010
0000010011100010
0100111101110100
0001010110100101
0100101011011000
1001011101100101
1101111101001111
1010001100101001
0000101101111010
0101101001100101
1110010011010101
0001101000000010
1101110010001101
0001101001111100
0110010010000001
0001010110100100
1110110111111101
1100011001110110
1111001000011111
0101011010000100
1000111111101000
1110010000111011
0100011010010110
1000111110101000
0001101011000101
0110010010010111
0000010001110010
1111100100010111
0000011001010100
1111101001001100
1101100100101111
1001000000110001
1001101011010001
1000111101001001
1101001001110101
1010110111011001
1001011011001101
0001100101111101
0101100010111100
1100111111111010
0000001111010001
0010100110100000
0000001000001001
0011100001001000
0011001001010100
1100101011010110
1000011100010110
1110100100111000
0010100111101010
1011011110101011
0011100010110100
1001000101100100
1001010000101100
0000110001110110
1100111000111100
1111101111101110
1110000110001000
1011101010000110
0101111001000111
1001011011110000
1001110011100100
1010100001110111
1010001010111110
1011010000011010
1010111110101100
0010101001001100
0111100010110100
1110110100100100
0101110111101010
1010100011001100
0101100010100110
1111001001010111
0011010000111001
0111001000100100
1111010001010110
1100110000000000
0101110111111011
0001000011010000
0110111100110101
0111010100010011
1010001001101011
0001111110111001
0010001001110110
1001010011000101
1101001111101101
0000001101101100
0000111010010001
0101001011011011
1001111100011110
1000011110011010
1110110010100101
1001001111101111
0110100011100001
0110011000011110
1001101100100101
0001001000010110
0100000110001010
0010110111000111
1011010010011100
1111111111011001
1011100101101001
1111011011011000
0011101010101001
1011001100011011
0001011111010111
0000111001000000
0100001111011011
1000011000001000
1111111110111111
0110001001101111
0100010010111110
0001010000111000
1110001000011001
1110000001001001
0101000100011110
0010010111110100
1110100011101001
0010101001100101
1110000011011111
0100010001100101
0101100000000011
1001101011101100
0011100111111001
0000010001010101
1101010101000111
0100100001001100
1000101001001001
0000010011010101
1000100011110011
1111101100101110
1110010101111001
0111110110001000
0101001011011110
1000100001001110
1011011010010101
0010100110101101
1010011100010111
1100100001001000
0111011110111000
0110110000000111
1111010001010010
0010111111011000
1000011001110011
0010011010110101
1110110011100000
0110000001010001
1010100000111111
1001000010000010
1001001011100011
1000011100100111
0110110100111001
1101110110010001
1110111110100110
1101100001011111
0000010011010001
1000101101010110
1101010101110100
0011101101000101
0101110000101101
0110011100010100
0111100101010001
0000100011010101
0010011001110111
1011111010110101
1011101000010010
0011111110111100
0110111000110111
0010001010100011
0000011010111001
0001011010101000
0110101000010001
1101011110110010
0100010111101011
0110010001111110
0101011010100001
0110100001000111
1111100101010110
1010101111111110
0011100010010110
0000111011011000
1110111000010010
1100100001000000
0011111000000100
0010001011011101
1110011101011101
0101001000011101
0001011111110101
1101000101001000
0100101111110111
1101011011101111
0110101000111000
1100110100111110
1101001110011011
0111000110110010
1001000000110000
0001110001100000
0111101110001111
0111110101011101
1100001001100011
0000111111110111
1101011010010100
0111010100111110
0100000101110100
1000001000110110
0011000111100010
0010000000001101
1111111101011011
1100011100000010
1101010001010100
1000010011100110
0100011010011010
1011001010100001
0011000110111000
1101011011100100
1100101010110001
1100011010010111
1010010100000011
0100110101001000
0011000011101001
0011100000011010
0111111100000001
1110011001000000
0011101000001000
0001010111101111
1110001100111010
1001001000101111
0110100101011010
1011110010000111
1100000110011110
1111111011010010
1101101001011100
0111110111100100
1110111001000110
0011001100111100
0000001101101101
1101111011000011
0111110010110000
1100111001101010
1001001011010100
1100111101100110
1000000101111000
0000100101100101
0010111101001000
0111001010001111
0010010111011101
0000110101100000
0111011011100001
0111000101100011
0000110010101111
1010011011010101
0101000110101111
1001010101011101
0101000001010000
1100000111001111
0011011001001000
1110000010100001
1110011010110001
1011001001111110
0010111011000000
1111011100111010
1001010011000111
1000010110111011
1000111011111000
0011010101000110
0111111101111100
0111001000001101
1101110010101110
0001000100011010
1100001111001001
0011110100000000
0010111100101000
1101101001010101
0000001001010111
1011010011110010
0001010110111101
1110111001000111
1011010000010100
1101000010010001
1110101100101100
1001111001000010
0110001100001000
0101110000101011
0111101110101011
1010111011110011
0010001011100010
0000111001100111
0110100111011111
1110000001011010
0100101011000110
1000001111000101
0100001110001101
1011000111011111
0010101110010000
0011001100101111
1111111010010011
1001011011011001
0110110010000110
1001111011110110
1000101111011101
1110001110010100
0100100100011111
1110110110111110
1010110101111101
0110000100010011
0100010100010011
0111010111000011
1011101001111011
0101011010101111
0100111111001010
1000000110001010
1001001011110100
1000100010000000
0011011001100111
0011101000011011
0111111011110010
1111110001010101
1100100110101100
0001100100010110
0011101110101010
1000001000100000
1011001010111101
1000101110111100
0100101011001111
1110111111001001
0011110011000001
1110101101101101
1110100100111011
0110110110000100
1110010100100101
1000011011100101
0000100010000011
1101001111011101
1001001111001000
1001001011100001
1010110101100001
1010101111010001
1110111111101001
0011011000101001
0010001111101101
1010010111010110
0011111100010100
1010100000111011
1110100010100001
1000010111101100
1000111101000010
0010100100000101
0101100001010011
1000010100001011
1111100100010010
0011011011110111
1011101000111110
1000011111110101
0010000110000110
1111011101000011
0100100100001000
1000010001101101
1010011011011011
0001101011100000
1110001100000101
1111110011001100
0110100101011000
1000100000011010
0111110001111000
1100101110100010
0010000101111110
0000111110011001
1010100100011110
1111010100000100
0000001001011000
0110000100000110
0010110000011000
1011111110011111
1001010111100010
0000011000011101
1011101010001010
1100010100111010
1101001010100001
0111110000010101
1110111100101000
1110001110010111
0011110100011011
0110000000010110
0111010011010001
0110000101000010
0011100000000011
0000110100110110
1000111001111011
0000000010001000
1101111110100001
1101100011001000
1110001000100101
0000110001110100
1100111100011010
1000000001011110
0000101001010011
1010110000111100
1110010001010101
0111100110010110
0111011111101100
0100000001101000
1100000111101000
0110101001100110
1010110011110010
1001010101111011
1010011000111011
0110101111000011
0100110011001111
1000111010011111
1111010001001000
1001011101011110
0011001101101101
0110001010011011
1010011111011101
0000100001001100
1101001111010011
1000101101110000
0000110111011111
0110011000100000
1010001000110001
1010011101001001
0111101111010011
0111000011111100
1000100100100010
0100010001101110
0000010011100000
0100100101011011
1101110100111111
0100000100101110
1010110010011100
1100000000000011
1011111100011111
1111011000000110
1100110010001111
1110000101011001
0000101110111100
1010010011011101
0011111001110101
0010000110101101
1001110101111101
1001100000010101
1011100001100101
0101010111001011
0010101101011100
0010011101101110
0000111110001000
1011110110111001
1011000100001111
0111111010110100
1011010011001011
0000010100011111
0001011011010010
1000001100010001
0011010011101111
0001100010110101
0111010101010111
1101010000100000
0101111100011010
0010101000110100
0000100010101011
0100110000100001
1000110001001110
1111001110101001
1101011111100100
0111000001110110
0001010111010001
0110101001001011
0111100111110011
1010010111000110
0000101111010100
0010111001011100
1110001010111100
0110010011100100
1010011100001011
1001001001001111
0010011010001010
0110101010011001
1010000111001100
1000111110010110
0001000100010011
1010001000100001
1100111100001001
1111000010111001
1110100100001010
0111011011000010
1011100001011110
1011100000001111
0101001001110011
1100110001001010
0111110001011010
0100101101010110
1011011000101011
1001100101111111
0111000010001010
1000000111101011
0111101110001010
0001111011111010
1000111100111001
1101001010111011
0100011101001011
1100011110001000
1011011100111101
1101110111110001
1011000001011111
0110001001101110
0100010010100101
1011000111100000
1111010010010000
1001010100101101
0001111010101111
0101110000001110
0101001010110101
1100010010000101
1111010011100101
1111110101010110
1101100111010001
1000011101010010
1000001111011110
0001011011110111
1011010111101100
0101011011010000
1011010101110000
1111000010101111
1001110000001110
0010110010100111
1011110000000010
0111001101100111
0110001101001010
0000000010010000
1101111110110000
1100010010110001
1110000110100011
1110000000011111
1100100010101000
1110010111000110
1011001111011010
0111000011111010
0111011010001110
0110101011111011
1001001000110100
1101110111001110
1010001000001111
0010101010001110
1001100100000101
1001110111010010
1000100111000101
0101011000011111
1111000101001001
1010111000011000
0001011010100001
0111001101100011
1011101000000000
0011110110001010
1111010010101111
1000011110011101
0101111110110011
1011010111010001
0010110111010100
0011101010000001
0110000111001010
0100000011001010
0101100011100100
0010011110100000
0010111011011011
1010010011001000
1111001001010111
1110100011100010
0100000110010010
0010001111100101
0101101111010011
0100110010000000
1110001000100101
1111110111001000
0100111000111100
1001111010001001
1111000100111011
0100001110011001
1101110110010111
1111111000111111
1011000000110110
1000000101111010
1011101011000111
1100110000111011
0101111100010000
0001011100111010
1101000110000011
1110101000101010
0111100011100110
0110111100011001
1011000111111100
0100111000011011
1111110100100000
1010110100110110
1100001110001010
0010000001100011
0011101111111001
0111110100010110
0100101110100001
1111101111010000
0000011001111100
1000011101001001
0111100010001101
0101100001101001
1110000100100100
0001001110000000
0011100010101010
1001000101100001
1111101111001110
0011000100101000
0100010000110011
0001011011110011
0010000101101100
0011000101011110
1000010011011011
1110111100000100
1001101001011111
1101011000100000
0111111001001001
1110011100010011
0001000001001010
1111110001000011
0101101101101110
1001001011011110
0110111111100011
0000111101000000
0010001000101110
0001000000111111
1011010001100111
0011010100000010
0011100000011100
0011011010111110
0010101001110110
0010000100010101
1001001001100011
1101000010110101
0011010111101100
1101101110001100
0001101110011101
1010011001100000
0000100010011010
1000000011100000
0001110000010001
0110111001100101
1110000110111101
1001100011100011
1001101111000101
1011111110010111
1110011111110110
1001110010111011
1111001100111000
1011000000010001
1011110101000010
1101000110101101
0111101101010100
1110001001101010
0110001001111000
0011011100000011
1111000010010001
0100011001101110
1001010111100001
0110110001101101
1000000000100010
1011100000010011
0111101110000100
1101010101111010
1100011000011100
1000001011001010
1011011101010100
1001100001101001
0100101011111011
1000101000011101
1010000001011011
0011100001100001
1011100101010111
0011001000010110
0101100001110001
1101000111111001
1101010110101110
1110101101101111
0111111001100010
0010000011011110
0000110110011000
1001110010100000
1000010100011011
0111010101110100
1110000100001000
1110111110111101
0101110101001011
1101111000111100
0011001000000101
0010110001100010
1110100100111111
1100110001111000
1001110101100101
0011111100000001
1100010101100110
1100101100101100
0101001011001100
1000100111011010
1101110000111111
0101111101101100
0011110001000000
0101111010100111
1001011000011101
0011000000111111
1100000110011010
0001101001010010
1011010011010011
0101010101111110
1100101000110100
0010100101110001
0001000111110100
0010100001100110
0001001001000101
0111010011010010
0111011100111100
1001110111111110
0111001111110101
0111010110100010
0111110010010011
1001101100001110
1100010010100101
0100000001000000
1001111111011100
0101000000000101
1101110100011100
0101000100010010
0001001111011110
1101010011010110
1000001101000010
0000010001000001
0111001111111010
1000110100111100
0001101011100101
0100100011000111
1111000101000101
1000100110101001
1011110111101011
1001101110100110
0011100000111100
0010111000000100
0000011100000011
0100010110000100
0100100010001001
0001011101001001
0010010010100101
0101001111010111
1011001001100001
0111000000010000
0000110100110111
0111100110111010
1001111110010101
1101011111010011
0100000011101100
0001010010100111
0001111100001100
1010011100110111
0110000101011101
0010001011001001
0110110000101000
1100100010100010
1001000111101100
1011100011101010
0010001000110010
1100010111010100
1000010001100000
0011110010101110
1111110110000000
0011101010101100
0010100111110100
0011000000011000
0111010000101110
0100101100011100
1110111000000000
0101111000001000
0001000000001111
1110000010101110
1011001100110100
0001001010100111
1010010100100000
0111001000101000
1001011100101011
0100000001000001
0100011111100011
1011011101010010
1001110111010110
1100101001000100
0111101011110010
0000010000110000
1001011010101011
0101000011110000
1001011101001011
1000001110000000
0000100010011101
1000000110101011
1001110000011101
0000111000011101
0001011100011010
0101111001111100
