XXXXXXXXXXXXXXXX
XXXXXXXXXXXXXXXX
0000000000110100
0000000000110010
0000000000110000
0000000000101110
0000000000101101
0000000000101011
0000000000101001
0000000000101000
0000000000100110
0000000000100110
0000000000100100
0000000000100011
0000000000100010
0000000000100001
0000000000100000
0000000000011111
0000000000011110
0000000000011101
0000000000011100
0000000000011100
0000000000011010
0000000000011001
0000000000011000
0000000000010111
0000000000010111
0000000000010101
0000000000010101
0000000000010100
0000000000010010
0000000000010010
0000000000010001
0000000000010000
0000000000001111
0000000000001110
0000000000001101
0000000000001100
0000000000001011
0000000000001010
0000000000001001
0000000000001000
0000000000000111
0000000000000101
0000000000000101
0000000000000011
0000000000000010
0000000000000001
0000000000000000
0011010011111111
1000111011001010
0001111010011001
1000100100011000
0111111100001010
1010011111111010
0001000101111110
0101001010100100
1010010100101111
1110110110100100
0100001110111100
0100011100001101
0101000000101110
0110000100001101
0100111011101000
1111110001000011
1100111011011000
1000100000100011
0001110101111001
0100000000001111
0110001110000001
0100100100111111
0000001111101001
0010010110000011
0000100111010000
1110100000100011
0100010000111110
1010000101001110
0110110111111000
0110001101010101
1110011111000100
0000010101000111
0101011110011011
0001111110100011
1110100001011111
0011110111000000
0010111001101110
1010001000001111
1001000101101010
1010111011110100
1010110010100001
1000110111011110
0000110000001111
0000111110110010
0100001111011111
0100111101111011
0100000010010001
0011001000111000
1110000111110111
1100111101110001
0010011010011111
0100000110100101
1000001101100101
0011000100000100
1000111111010110
0000110110101100
0011111001011100
0111111100110011
1000000101100010
0011111011110000
0110010111000011
0000001000100111
0010000010110000
0100001010111000
1011101110100101
1011110110101011
1100010011100010
0011000111111110
0000110000100000
1000010000101111
1010100100011001
0101110001011011
1110100110101110
0111100110110110
0011110000010101
1010111101000011
1100101100111011
0100011111010101
1010101111001000
1110010011011001
1100011111110010
1000110011010101
1110010110111000
0001001101101010
1111110100010111
0010000000100010
1011011011111010
0010100001101000
0010001000111100
0111100101001000
1001011010011100
1111001001000001
0010101000101001
0000011001000101
1101100100010110
1011011110111010
1011111001011010
1100000101111011
1110011000001111
0001101100101000
1100110010000100
0000101110101101
0111111101011011
0110000011100000
1011101001000011
0011001001001011
1000010001000100
0000110110001001
1110100000011001
1101010100101111
1011110011011010
0001001000111001
0111001011010001
0100101111001101
1100101101100100
0100101011001110
1111101110001100
0010111001010000
0100100100001000
0000111000110101
1110100011111110
0000101100011010
0000110001110011
0010010101100101
0000000000001000
0010110110001110
0110101100111011
1100110111011100
0001001011011101
0001110010010011
1111010100110110
1111011001100000
1100101110001100
0110000000010100
1100111100010101
1100101110100101
0110101011010110
0011111001110101
1001100101101101
0011100100100001
1010110101000110
0011000101011000
0100110110110000
1100011100010010
1001110011001110
0000101010100010
1011000011100010
1000000110011110
1111111110001001
1111000111011010
1101001101111011
1001001011101111
0001100000001000
1111100110100010
0100010111100110
1111010110111100
1110110110111110
0110111010111100
1110011011100110
0011010010101100
0010100001010111
1100011101011101
1100110110110000
1110011001101010
1010101111000100
0001111101010100
0011110011010010
1101010000000101
1010101100010000
0011110111000010
1110001000110010
1011100000110111
0000011010001000
1111001110111100
0100001010110111
1011100110000001
0100000001001100
0100100011111000
0000011101010111
1110010100001101
1101110011001010
0101001110001000
1101011010101010
0100010010100100
0100010001011100
0100101110001010
0111111101011011
0111001010011100
1110000100011011
1011110101110000
1110100010010011
1011000100110010
1100100100100100
0001001001011111
1000101110111101
0110001110101010
0010101100011110
0001110000100000
0101000110100011
1111111011101111
0101010000100001
1011101001001100
1000110000001111
1001111001101101
0110101110011010
1100010100111101
0000101110011100
0010000101100101
0100101101110101
1010101101110111
0110010101011100
0100100010010011
0010110011011001
0111011000111011
0010100000010011
0111000010101010
1011110000011001
1000110111110001
1001001101110100
0000101000101001
1110101111100110
0001011100110001
1000111110110101
0011001100010010
0100000111010010
0111011101100111
0010101111100100
0110100110101001
1011001000101011
1111010011011101
0001000001111100
1010111001111000
0010110010110110
0001000011101100
0011010111110010
1000010101001111
0101000011000101
0100011101110011
1001001111101001
1110110101100101
0001100011101111
0100111111101011
0010001101110010
1101110001011101
1011101011100001
0101111111101101
1011110100110011
1010001011100000
1011001111000110
1100101010010010
0110101101110100
0111010100001011
1001001010111001
0000101001100011
0011001001000000
1000000100101001
1101101100110101
0010011011011001
1010101110010111
1001001010001110
1110100111111100
1011011110101100
0101001100000100
0101110010101110
1110011001111111
0100110011100011
1100010100000110
0110111111010110
0000100011101011
0100011010101000
1101011011000111
1011110100001111
0011000111001111
0110111000011110
0111101110100001
0110011001001011
0011011100101011
1011100000011000
0010000011100001
0110000111110101
1011011100011100
1111110011011100
1000111010101110
0010110111010001
1110000110111001
0001011001110000
0110010011110001
1101001111111010
1100000010011001
1000010101000101
0111110111011011
1100011111010100
0000010010011110
1011011001101100
1101010100110000
1001011100100000
1101100101110101
1001000001111110
0000110000111011
1001011010100110
0011100011000100
0011100010001101
1101110101110000
1100110000111101
0101010001010101
1110101110101011
1001001000110001
0000011101010011
0001001011001111
1111011011000001
1010010000100001
0101001101010001
1000101111111010
0101110001100000
0110111111010000
0111000011110110
1010100010010100
0000110111110110
0111010001110000
1010011111000010
1011000000100010
1111110001011101
0001010000100010
0111110010001110
0001010011110100
1100111111001101
0011100100001001
1110001001100010
1001011111010110
1100111100100100
1111101011001101
1011011001011001
1011111100011000
0010011111111010
0001010010000010
1110110100010111
0000010010111001
1100101110100010
0000111101010101
0000101111000110
1110110010111011
1011110101110111
1100010101011110
1010011000111000
1001000101101110
0001100000011010
1011110001111000
0011100010001011
1100000101100000
1010010100011101
1000010111000100
1001010110010100
1010101011110110
1100110001100011
0011111101011011
0011000001011010
1101011100111100
0001001111100101
1100000010011010
1111011001101001
0010100001000100
1001001011111111
0100001011101100
0100001111110011
0110001110110110
1100110101010110
0111111110010101
1101101111110001
1011010101110110
0100010110001100
0001111010010100
1010110011000111
0100000011011101
1011010011101000
0110000011111110
0110100100100011
0000010111111110
0010111000000111
0101011010000001
0110100101000101
1011000010000000
1111110000111110
1010100110101010
1111101100000010
0100111000110111
1010111001011100
1011001101100001
0001110111101101
0011001001010001
1011000111010100
1110011110111101
1010111111001000
1101101011101100
1001100101101110
1110000100001010
0110100000010010
1010101101000111
1001110101010000
0010101011001010
1111100001011000
1101111011111101
0000010100010111
1011000011110011
1010011001101001
0010111111110111
0000000101011111
0011001000111101
0100111010000111
0111010011001111
0000011010000000
0010001010110100
1011000111110110
1101010011010101
1011111010110111
0001100000110001
0101111001010010
0101010111101011
1101100000111011
1010010100011110
1101111000100101
0110111101110110
1001111111011011
1111001011101011
0110110111110110
0000010111010110
0101000000101000
1001000101110000
1010001000001001
1001101110110011
0000011000011111
1101111101000100
0010111101110100
1111001000100110
1000111001010101
1101110010010101
1000000101010010
1001101000100101
1000100010100101
0001100001010100
1110000001110000
1011011101011010
0111000011110100
0000110110011011
0000111011011111
1110001110110010
0100010101000010
1001100101000011
1100100000010011
0001011001101111
1101111011111001
1101011001101110
0101110111000010
1000010101011011
0010010100100101
1111100000110001
0101000011101001
0011110101011110
0100000100110000
0110101101000110
1101101000100011
1100110111000000
1000101011011100
0111111100001010
0011011101101110
1001010010001001
1110110111100100
0000100101100110
0010001100000001
0001011111110011
1000100010000100
1000011110100000
1011100011010011
0110100110101100
0100100011111101
0100110111001000
1001100100010010
1111010111001100
0000101000010100
1101100100101110
0110110101001001
0110101010001010
1111100101011110
0011110110111101
0001001100110001
0110011001101001
0010010001000001
1001010101110101
0000011011010001
0000011010010101
1111110110100101
1000011110001011
1001001110100010
1101100001101110
1111000000000011
1010101001001101
1111011011000001
0110101100101111
1101010101101110
1110001000001001
0110000010000101
0111011100001111
1000001100000000
0111011010011111
0101101110001001
1010110110010001
1111010111111010
0111000010000011
1101001000100100
1100010011011010
1101110011011000
1110011110110011
1001100011111010
0110111111111010
0100010000001101
0101110010001010
1101110011111011
0001001000001010
0110111010001000
0010001100001010
1010101001001101
1100110011011110
1111111001111111
1110010010011000
0110101011010110
0100010101011110
0001011010001101
1000110000101111
0101111001000111
0001010100001101
0101100101101100
1011110001011011
0100101011001000
0011111010000001
1100011111011011
1000100110011000
0010101111001100
1100100101010000
1010101001011111
1011001111000110
1011111011000101
0100000011011101
1001010011001101
1000100010010100
1000000100110000
1000110100011010
0011011010100011
1111111110101100
0100100100001111
0011000100111001
1110011010001110
0111110110110100
1011010010001101
1110111000101100
1101000110100000
0001011101101101
0010111010000110
0000000101100001
0001001001001100
1001111000110000
1111011111101100
1110111110101110
1011001111010001
0111001011110111
1110010111111100
0110100101000100
0100110000101110
0101101010110000
0010110010100001
1111100010111011
1110111001111000
1111010111011010
0110111101011110
0111011010110111
0000111111111111
1001000011000000
0110010000111000
1111100110010110
0110011101111001
1110000000000010
0111100101001010
1110010001111100
0110100000101110
1110101011001011
1010110010000001
1101111101111001
0010111110100101
1001001010101101
0100110111101110
0011000011001111
0011011001010100
1001010000101010
1111000010111111
0101001011111010
1011010110111100
0000111111001001
1111001000010011
0011101001001110
1010000111011010
1101111011011111
0101100000100110
1111111010111011
0100100000000000
0111110000001011
0010101000010110
1001000010111011
0010001110001011
0111001000110110
0110101000010100
0000001101001010
1010110000001011
1100100011010010
1001010011010110
0010001010100101
1001111101010000
1000011000111100
0001110110001101
0110110000000001
0100110000100001
1011110100011110
1010110000100110
0110110000010010
1010010000001100
1000100101000110
0011010011010101
0010000011011101
0100110111001000
1010111001111010
0010110111101000
1010011110100011
1000110001100101
0001101110000110
0110111000010110
0111100110010000
0001101110001101
1000011111010101
0110000010001010
0001110100111001
0111101101111101
0110111001100101
0101111101010010
1100001010011111
0000111111100100
1110110010100101
1000001011100000
1111100001100100
0110110001011001
1000100100100110
0111001010111010
1000111100011010
0111010111010100
0101001101000101
0001010100001101
0000111001001001
1001101110110010
1110100011010101
0111101000001111
0111110000111000
1011001010101100
0000111011000001
1001001000110010
0101001011011001
1110001001001010
1100011111011001
0111011110101100
1001100000100000
1001110001101100
1100001011100001
0011011010101000
1101011000001001
1001000010110100
0010110000010100
0011110000000110
1100111011001011
0111011000000010
0001100011110100
0000011000111110
1010010111111100
0110100100110011
0011000000111101
1110001110110110
0010100011111011
0101001000010001
0100101001101000
1001011000111110
0111001111000110
0010101001011011
1011010111010110
0110101111101101
0100000111001111
0000010001001100
0001000000010001
1001111010101011
0011000111001100
0010110100111110
0010001101111110
0111110000010110
1010110111010100
0011000011010100
1010110111011001
0000010100101100
1101001011110000
1001011000001011
0101100111000100
1011111100110110
0111101001000111
0110100010011000
1011010011101010
0111110100001101
0111001101100101
0100010011010100
0100110110010010
1101010110010111
1000100110001001
1110101110110001
1000000010110101
0011010101100001
0000010111101100
1110110000011101
1010101010011000
0110011001000100
1010011011011101
0010111111011000
0011101010010110
1100100010011100
1011011101010010
0011100110011100
0001101100011011
0100010000001001
0010110000010100
1000101000000111
0000011010000011
0100010101100011
1000011111000111
1100011111111110
1011010111010000
0111010010010010
1100101001101101
0010010111010001
1110101011100001
0011110101100010
0011101001111000
0101111000010000
0100010001000110
0110100111110101
0001011000100010
0111101011001110
1101101111010010
0101111011000110
0010110010001000
1110000011001001
1111110010100000
0110001100000011
1000011010111010
1010110110000011
1101101111000101
1101011010001110
0110111110000100
0100000100011100
1010000111001000
0001001100111111
1100000000110000
0011110101000100
0110101100110100
1100110111110000
0010101101001101
1001101111100100
0000100011100100
1100100101001110
1001010010100100
0101100011001000
0010010010110000
1110100010000011
1010100010010010
0010110010001001
0101001101110101
1000001001000000
0010011111101110
1001111111101100
0110010000101100
1111011000111010
0011111111101111
1111011100010010
1011000111111110
0011001001000000
1010101111111101
1110101101000000
0101101000111110
0001011010100101
1110101111100000
1101010000101110
1000100010011100
1001010001100110
0111010111100101
0111110111100010
1110000111001100
0100111000110011
0101100101100110
1110011101001000
1001011011000000
0101110010011100
0000011010110011
1011110010001010
0010001010110110
0110101001111000
1001101100110010
0100110000001000
0010111001101101
1010010000101001
1001011110010010
0000110011110101
1001101110111111
1011100000010011
0101011010000110
0011110011101001
0101110000101101
0011111111000101
0100010011000000
1000110100011000
0000111001111101
0000110000111000
0000110001010000
1011100011011000
1011100100100000
0111010111111101
1011111110100110
0011010001111101
1111011001101000
0111010101001111
1001100110000100
1000010110000011
1011011101011101
1011110011000100
1100010111100100
0110000110101101
0101111001110101
1011001001001011
1011100110110110
0101011110001010
0100010100110000
1111011100111001
1100100000101111
1010100100101000
0110110011000111
1100101001100100
1100101011110100
0111100001111000
1011101000011100
0110111101000010
0110110001001011
1001000110110000
1011101001110000
1000001010111000
1001010111100000
1110110111000101
1110011101100011
0011100001101010
1100100101111011
1100010111101101
1110000111000111
0101111001011101
0000001011010111
1100111001101111
0101101101100001
0101011101110111
1101110010011100
1000000001111011
0110110000010001
0101000011111010
1111000110010110
1111011000011000
1001111101010100
1000010100111000
1000000001110011
1010111000101000
0000110111000010
1010001001110010
1000011011010001
0111110111000110
0111111010011100
0110001101110111
1011011101000011
0101000111100000
0110011011011100
1011111000010110
0111011100101111
0111010101001001
0011001110000110
1101101010110111
1111100111011010
1011001111010111
1111111111011011
0000010110100111
0111001111010100
1011011011011110
1101100011011100
1011100011111110
1100111010001000
1101011101000100
1100110101001000
1010011000011101
0011010011110011
1011001011100011
0100100110101010
0011000010010001
1101111011000000
1111000101011100
0010110101111101
1101110001110010
1100001110100010
0000110101000111
0111110100001010
0001000000101100
0110011100001001
1000101100000100
0000111110100101
0000010100010100
0100101101010100
1010000000100011
1000101010001100
1100011100101010
1110000110010001
1011010111101100
0011101100100110
1001010000010100
0001111000001010
0011001101011011
1001010001001001
0100100100100101
1011001000010001
0010100010100101
1011110101100000
1001001000101001
0100110000000101
0011010011010110
1000111100010000
1111101101011010
1001010001101000
0101101100101111
0001100100100111
0100111101000000
1100111111110001
0011111000110010
1111110001101101
0011001011000000
0001111000010001
1100100011000110
0010010001101100
1111011010000111
1000111101101111
1001011111010110
1001010100100110
